0.0,0.0,1.0,0.0,3.1,
1.0,0.0,6.0,0.0,2.7,
2.0,0.0,4.0,0.0,3.0,
3.0,1.0,7.0,0.0,1.1,
4.0,1.0,7.0,0.0,2.0,
5.0,1.0,3.0,0.0,2.8,
6.0,0.0,2.0,0.0,2.3,
7.0,2.0,5.0,0.0,2.7,
8.0,2.0,7.0,0.0,2.7,
9.0,0.0,3.0,0.0,2.2,
10.0,1.0,6.0,0.0,1.5,
11.0,2.0,2.0,0.0,3.5,
12.0,2.0,10.0,0.0,1.9,
13.0,2.0,13.0,0.0,2.8,
14.0,0.0,3.0,0.0,1.9,
15.0,0.0,3.0,0.0,2.9,
16.0,0.0,4.0,0.0,2.9,
17.0,0.0,4.0,0.0,2.1,
18.0,0.0,2.0,0.0,2.7,
19.0,2.0,9.0,0.0,0.4,
20.0,2.0,3.0,0.0,2.5,
21.0,2.0,6.0,0.0,1.6,
22.0,1.0,6.0,0.0,3.0,
23.0,0.0,3.0,0.0,3.2,
24.0,0.0,3.0,0.0,3.5,
25.0,2.0,9.0,0.0,3.1,
26.0,2.0,13.0,0.0,2.1,
27.0,2.0,15.0,0.0,3.0,
28.0,0.0,3.0,0.0,1.3,
29.0,2.0,12.0,0.0,0.7,
30.0,0.0,2.0,0.0,4.0,
31.0,1.0,3.0,0.0,3.5,
32.0,1.0,6.0,0.0,2.8,
33.0,1.0,8.0,0.0,3.0,
34.0,1.0,6.0,0.0,3.2,
35.0,0.0,5.0,0.0,2.8,
36.0,0.0,6.0,0.0,3.5,
37.0,0.0,3.0,0.0,2.2,
38.0,1.0,5.0,0.0,2.4,
39.0,1.0,4.0,0.0,3.4,
40.0,2.0,12.0,0.0,3.1,
41.0,2.0,4.0,0.0,3.0,
42.0,0.0,4.0,0.0,3.7,
43.0,2.0,10.0,0.0,1.8,
44.0,1.0,5.0,0.0,3.8,
45.0,1.0,4.0,0.0,3.0,
46.0,1.0,6.0,0.0,1.8,
47.0,1.0,8.0,0.0,2.8,
48.0,2.0,11.0,0.0,0.5,
49.0,1.0,5.0,0.0,0.7,
50.0,1.0,8.0,0.0,2.5,
51.0,1.0,9.0,0.0,4.2,
52.0,0.0,2.0,0.0,3.0,
53.0,2.0,12.0,0.0,2.8,
54.0,1.0,4.0,0.0,1.6,
55.0,0.0,3.0,0.0,2.6,
56.0,0.0,3.0,0.0,1.7,
57.0,1.0,5.0,0.0,3.5,
58.0,1.0,3.0,0.0,1.2,
59.0,1.0,3.0,0.0,3.3,
60.0,1.0,5.0,0.0,3.9,
61.0,0.0,1.0,0.0,2.2,
62.0,2.0,9.0,0.0,2.8,
63.0,2.0,11.0,0.0,2.6,
64.0,2.0,10.0,0.0,1.2,
65.0,2.0,10.0,0.0,1.8,
66.0,1.0,9.0,0.0,4.1,
67.0,0.0,4.0,0.0,3.0,
68.0,0.0,5.0,0.0,2.5,
69.0,0.0,3.0,0.0,2.0,
70.0,1.0,7.0,0.0,2.1,
71.0,0.0,6.0,0.0,2.1,
72.0,0.0,1.0,0.0,1.8,
73.0,2.0,8.0,0.0,1.4,
74.0,0.0,6.0,1.8,2.5,
75.0,1.0,6.0,1.8,2.0,
76.0,0.0,5.0,1.8,2.6,
77.0,2.0,5.0,1.8,3.8,
78.0,0.0,2.0,1.8,2.8,
79.0,1.0,3.0,1.8,3.8,
80.0,2.0,6.0,1.8,3.4,
81.0,2.0,9.0,1.8,1.2,
82.0,0.0,4.0,1.8,1.9,
83.0,0.0,2.0,1.8,1.6,
84.0,1.0,1.0,1.8,2.3,
85.0,1.0,3.0,1.8,1.5,
86.0,0.0,3.0,1.8,2.6,
87.0,0.0,4.0,1.8,2.1,
88.0,2.0,4.0,1.8,1.0,
89.0,2.0,10.0,1.8,1.0,
90.0,2.0,5.0,1.8,1.3,
91.0,0.0,5.0,1.8,2.7,
92.0,2.0,7.0,1.8,3.7,
93.0,2.0,6.0,1.8,3.6,
94.0,0.0,2.0,1.8,0.8,
95.0,1.0,4.0,1.8,1.7,
96.0,2.0,5.0,1.8,1.8,
97.0,0.0,5.0,1.8,2.2,
98.0,1.0,4.0,1.8,2.7,
99.0,2.0,9.0,1.8,3.1,
100.0,0.0,2.0,1.8,1.2,
101.0,0.0,4.0,1.8,2.4,
102.0,2.0,7.0,1.8,2.3,
103.0,2.0,11.0,1.8,0.4,
104.0,1.0,3.0,1.8,2.5,
105.0,1.0,3.0,1.8,3.6,
106.0,1.0,6.0,1.8,1.9,
107.0,2.0,8.0,1.8,3.0,
108.0,0.0,6.0,1.8,2.6,
109.0,1.0,1.0,1.8,1.4,
110.0,1.0,6.0,1.8,3.0,
111.0,1.0,3.0,1.8,2.0,
112.0,1.0,4.0,1.8,2.1,
113.0,2.0,10.0,1.8,1.6,
114.0,2.0,5.0,1.8,3.7,
115.0,0.0,5.0,1.8,1.8,
116.0,1.0,4.0,1.8,2.6,
117.0,0.0,3.0,1.8,3.7,
118.0,1.0,4.0,1.8,2.7,
119.0,1.0,1.0,1.8,3.2,
120.0,2.0,6.0,1.8,0.7,
121.0,2.0,9.0,1.8,1.6,
122.0,2.0,14.0,1.8,2.1,
123.0,0.0,6.0,1.8,0.6,
124.0,1.0,6.0,1.8,1.9,
125.0,2.0,2.0,1.8,3.1,
126.0,2.0,8.0,1.8,2.0,
127.0,0.0,4.0,1.8,1.6,
128.0,1.0,6.0,1.8,1.1,
129.0,2.0,2.0,1.8,2.6,
130.0,1.0,7.0,1.8,2.4,
131.0,1.0,4.0,1.8,2.0,
132.0,1.0,7.0,1.8,3.1,
133.0,0.0,4.0,1.8,1.0,
134.0,2.0,11.0,1.8,1.2,
135.0,2.0,9.0,1.8,1.7,
136.0,2.0,12.0,1.8,2.0,
137.0,0.0,1.0,1.8,1.4,
138.0,0.0,3.0,1.8,3.3,
139.0,2.0,9.0,1.8,3.9,
140.0,1.0,7.0,1.8,4.7,
141.0,0.0,4.0,1.8,1.1,
142.0,1.0,5.0,1.8,0.8,
143.0,2.0,12.0,1.8,0.5,
144.0,1.0,7.0,1.8,4.0,
145.0,1.0,1.0,1.8,2.0,
146.0,1.0,2.0,1.8,1.9,
147.0,2.0,8.0,2.4,2.0,
148.0,0.0,3.0,2.4,2.3,
149.0,1.0,6.0,2.4,2.0,
150.0,2.0,10.0,2.4,2.9,
151.0,1.0,6.0,2.4,1.8,
152.0,0.0,1.0,2.4,1.1,
153.0,1.0,6.0,2.4,3.7,
154.0,0.0,2.0,2.4,4.0,
155.0,0.0,3.0,2.4,2.4,
156.0,0.0,3.0,2.4,3.0,
157.0,2.0,14.0,2.4,2.2,
158.0,1.0,6.0,2.4,2.8,
159.0,0.0,2.0,2.4,1.1,
160.0,1.0,2.0,2.4,2.7,
161.0,0.0,4.0,2.4,2.0,
162.0,1.0,4.0,2.4,1.2,
163.0,2.0,8.0,2.4,2.6,
164.0,0.0,2.0,2.4,1.9,
165.0,0.0,2.0,2.4,2.2,
166.0,0.0,3.0,2.4,2.0,
167.0,1.0,3.0,2.4,1.7,
168.0,2.0,13.0,2.4,3.5,
169.0,2.0,6.0,2.4,1.8,
170.0,0.0,6.0,2.4,3.7,
171.0,1.0,4.0,2.4,2.5,
172.0,0.0,3.0,2.4,3.1,
173.0,1.0,2.0,2.4,1.9,
174.0,2.0,3.0,2.4,3.1,
175.0,0.0,4.0,2.4,1.5,
176.0,1.0,3.0,2.4,2.2,
177.0,2.0,3.0,2.4,3.2,
178.0,1.0,4.0,2.4,2.4,
179.0,2.0,9.0,2.4,0.9,
180.0,2.0,4.0,2.4,2.0,
181.0,1.0,6.0,2.4,2.3,
182.0,1.0,7.0,2.4,3.9,
183.0,2.0,13.0,2.4,1.3,
184.0,1.0,6.0,2.4,2.5,
185.0,1.0,6.0,2.4,2.7,
186.0,0.0,2.0,2.4,2.0,
187.0,1.0,6.0,2.4,3.6,
188.0,2.0,10.0,2.4,3.3,
189.0,0.0,4.0,2.4,2.0,
190.0,0.0,6.0,2.4,2.2,
191.0,1.0,7.0,2.4,2.5,
192.0,0.0,5.0,2.4,2.3,
193.0,0.0,3.0,2.4,2.6,
194.0,2.0,12.0,2.4,3.4,
195.0,2.0,9.0,2.4,0.7,
196.0,1.0,5.0,2.4,1.9,
197.0,0.0,4.0,2.4,1.0,
198.0,2.0,9.0,2.4,2.5,
199.0,0.0,4.0,2.4,1.6,
200.0,1.0,4.0,2.4,1.6,
201.0,0.0,5.0,2.4,3.4,
202.0,2.0,7.0,2.4,3.9,
203.0,0.0,3.0,2.4,2.2,
204.0,0.0,2.0,2.4,2.3,
205.0,0.0,3.0,2.4,0.6,
206.0,1.0,5.0,3.2,2.3,
207.0,1.0,3.0,3.2,2.7,
208.0,2.0,9.0,3.2,3.1,
209.0,1.0,2.0,3.2,2.5,
210.0,0.0,3.0,3.2,1.8,
211.0,0.0,5.0,3.2,4.0,
212.0,2.0,11.0,3.2,1.4,
213.0,1.0,4.0,3.2,2.9,
214.0,0.0,4.0,3.2,1.1,
215.0,2.0,10.0,3.2,1.6,
216.0,1.0,4.0,3.2,2.3,
217.0,0.0,4.0,3.2,2.7,
218.0,0.0,3.0,3.2,1.7,
219.0,0.0,6.0,3.2,2.8,
220.0,2.0,12.0,3.2,4.3,
221.0,2.0,4.0,3.2,4.0,
222.0,2.0,8.0,3.2,1.8,
223.0,1.0,5.0,3.2,3.3,
224.0,0.0,2.0,3.2,2.0,
225.0,2.0,10.0,3.2,1.1,
226.0,2.0,6.0,3.2,2.9,
227.0,1.0,2.0,3.2,3.6,
228.0,0.0,1.0,3.2,1.6,
229.0,2.0,6.0,3.2,1.7,
230.0,2.0,7.0,3.2,1.6,
231.0,0.0,3.0,3.2,1.0,
232.0,1.0,6.0,3.2,3.6,
233.0,0.0,4.0,3.2,1.4,
234.0,0.0,3.0,3.2,1.4,
235.0,0.0,5.0,3.2,3.6,
236.0,1.0,5.0,3.2,3.2,
237.0,2.0,11.0,3.2,3.4,
238.0,0.0,5.0,3.2,2.0,
239.0,1.0,5.0,3.2,1.4,
240.0,1.0,6.0,3.2,2.4,
241.0,0.0,6.0,3.2,2.8,
242.0,0.0,2.0,3.2,1.9,
243.0,2.0,12.0,3.2,2.1,
244.0,0.0,4.0,3.2,2.3,
245.0,1.0,5.0,3.2,1.5,
246.0,0.0,6.0,3.2,3.0,
247.0,2.0,9.0,3.2,3.3,
248.0,2.0,5.0,3.2,0.8,
249.0,1.0,5.0,3.2,2.7,
250.0,1.0,4.0,3.2,3.6,
251.0,2.0,8.0,3.2,1.3,
252.0,1.0,1.0,3.2,3.0,
253.0,0.0,3.0,3.2,1.6,
254.0,1.0,3.0,3.2,2.9,
255.0,1.0,4.0,3.2,2.8,
256.0,2.0,13.0,3.2,1.5,
257.0,1.0,4.0,3.2,1.9,
258.0,1.0,5.0,3.2,2.5,
259.0,1.0,3.0,3.2,2.0,
260.0,1.0,8.0,3.2,1.7,
261.0,1.0,3.0,3.2,4.2,
262.0,1.0,5.0,3.2,0.9,
263.0,2.0,2.0,3.2,3.3,
264.0,0.0,2.0,3.2,2.9,
265.0,0.0,4.0,3.2,2.2,
266.0,1.0,2.0,3.2,3.2,
267.0,1.0,4.0,3.2,2.4,
268.0,2.0,6.0,3.2,2.9,
269.0,1.0,9.0,4.2,1.1,
270.0,2.0,1.0,4.2,3.7,
271.0,2.0,6.0,4.2,1.7,
272.0,0.0,3.0,4.2,2.3,
273.0,0.0,2.0,4.2,1.2,
274.0,2.0,7.0,4.2,2.0,
275.0,0.0,6.0,4.2,3.4,
276.0,1.0,9.0,4.2,1.2,
277.0,0.0,4.0,4.2,2.6,
278.0,0.0,6.0,4.2,1.5,
279.0,1.0,6.0,4.2,4.2,
280.0,2.0,4.0,4.2,1.9,
281.0,0.0,4.0,4.2,2.3,
282.0,1.0,7.0,4.2,2.3,
283.0,0.0,2.0,4.2,3.6,
284.0,1.0,3.0,4.2,1.6,
285.0,0.0,3.0,4.2,2.5,
286.0,2.0,6.0,4.2,3.1,
287.0,0.0,3.0,4.2,1.6,
288.0,0.0,1.0,4.2,1.3,
289.0,2.0,11.0,4.2,2.8,
290.0,1.0,5.0,4.2,2.7,
291.0,1.0,1.0,4.2,3.1,
292.0,1.0,2.0,4.2,1.4,
293.0,2.0,6.0,4.2,2.9,
294.0,2.0,15.0,4.2,2.5,
295.0,1.0,6.0,4.2,2.1,
296.0,2.0,5.0,4.2,3.7,
297.0,2.0,3.0,4.2,3.8,
298.0,2.0,9.0,4.2,2.7,
299.0,2.0,10.0,4.2,3.4,
300.0,1.0,5.0,4.2,3.8,
301.0,1.0,1.0,4.2,3.5,
302.0,2.0,6.0,4.2,1.2,
303.0,1.0,5.0,4.2,3.3,
304.0,2.0,13.0,4.2,3.9,
305.0,1.0,6.0,4.2,2.0,
306.0,0.0,3.0,4.2,3.7,
307.0,1.0,3.0,4.2,1.8,
308.0,2.0,7.0,4.2,2.4,
309.0,1.0,4.0,4.2,2.0,
310.0,0.0,4.0,4.2,2.2,
311.0,1.0,4.0,4.2,2.9,
312.0,2.0,11.0,4.2,3.0,
313.0,2.0,3.0,4.2,3.0,
314.0,0.0,1.0,4.2,2.2,
315.0,2.0,1.0,4.2,2.8,
316.0,0.0,2.0,4.2,3.2,
317.0,0.0,5.0,4.2,1.9,
318.0,0.0,5.0,4.2,3.1,
319.0,1.0,6.0,4.2,3.4,
320.0,0.0,4.0,4.2,1.7,
321.0,2.0,15.0,4.2,2.5,
322.0,0.0,3.0,4.2,2.5,
323.0,1.0,6.0,4.2,1.9,
324.0,0.0,3.0,4.2,3.5,
325.0,1.0,8.0,4.2,1.8,
326.0,2.0,4.0,4.2,4.2,
327.0,0.0,3.0,4.2,0.9,
328.0,2.0,6.0,4.2,0.5,
329.0,0.0,4.0,4.2,1.8,
330.0,1.0,1.0,4.2,3.1,
331.0,2.0,6.0,4.2,2.3,
332.0,1.0,4.0,4.2,2.5,
333.0,0.0,4.0,4.2,3.9,
334.0,2.0,13.0,4.2,1.3,
335.0,1.0,2.0,4.2,3.1,
336.0,1.0,2.0,4.2,1.3,
337.0,0.0,3.0,4.2,3.1,
338.0,2.0,2.0,4.2,2.7,
339.0,1.0,9.0,4.2,1.9,
340.0,0.0,3.0,4.2,2.0,
341.0,1.0,5.0,4.9,1.2,
342.0,1.0,7.0,4.9,3.7,
343.0,0.0,4.0,4.9,3.2,
344.0,1.0,3.0,4.9,2.4,
345.0,2.0,5.0,4.9,1.2,
346.0,1.0,4.0,4.9,2.3,
347.0,1.0,3.0,4.9,2.8,
348.0,1.0,5.0,4.9,2.7,
349.0,2.0,6.0,4.9,3.9,
350.0,0.0,1.0,4.9,2.7,
351.0,1.0,3.0,4.9,4.4,
352.0,2.0,2.0,4.9,2.0,
353.0,2.0,4.0,4.9,4.2,
354.0,2.0,4.0,4.9,2.6,
355.0,0.0,4.0,4.9,3.3,
356.0,1.0,5.0,4.9,1.8,
357.0,1.0,1.0,4.9,2.2,
358.0,1.0,3.0,4.9,2.6,
359.0,1.0,8.0,4.9,3.2,
360.0,2.0,10.0,4.9,2.5,
361.0,0.0,2.0,4.9,3.5,
362.0,0.0,4.0,4.9,4.4,
363.0,0.0,4.0,4.9,1.9,
364.0,1.0,3.0,4.9,1.4,
365.0,0.0,4.0,4.9,2.8,
366.0,2.0,4.0,4.9,2.7,
367.0,2.0,13.0,4.9,1.3,
368.0,1.0,5.0,4.9,2.7,
369.0,1.0,8.0,4.9,1.4,
370.0,1.0,9.0,4.9,2.1,
371.0,2.0,10.0,4.9,2.0,
372.0,0.0,3.0,4.9,3.8,
373.0,2.0,11.0,4.9,1.5,
374.0,2.0,9.0,4.9,2.1,
375.0,2.0,10.0,4.9,2.8,
376.0,0.0,3.0,4.9,2.6,
377.0,0.0,5.0,4.9,2.5,
378.0,1.0,6.0,4.9,1.4,
379.0,1.0,3.0,4.9,3.4,
380.0,2.0,9.0,4.9,2.3,
381.0,1.0,6.0,4.9,2.0,
382.0,1.0,5.0,4.9,1.8,
383.0,1.0,3.0,4.9,2.0,
384.0,2.0,6.0,4.9,1.0,
385.0,0.0,2.0,4.9,1.8,
386.0,1.0,6.0,4.9,2.8,
387.0,0.0,1.0,4.9,1.3,
388.0,2.0,10.0,4.9,2.8,
389.0,0.0,4.0,4.9,2.4,
390.0,2.0,6.0,4.9,3.9,
391.0,0.0,4.0,4.9,1.2,
392.0,1.0,8.0,4.9,2.5,
393.0,0.0,2.0,4.9,1.0,
394.0,1.0,8.0,4.9,1.8,
395.0,0.0,4.0,4.9,1.7,
396.0,2.0,9.0,4.9,2.8,
397.0,2.0,7.0,4.9,2.2,
398.0,1.0,4.0,4.9,0.7,
399.0,1.0,8.0,4.9,2.8,
400.0,0.0,5.0,4.9,2.9,
401.0,2.0,9.0,4.9,1.9,
402.0,0.0,4.0,4.9,2.6,
403.0,2.0,6.0,4.9,2.1,
404.0,1.0,5.0,4.9,3.4,
405.0,0.0,1.0,4.9,3.2,
406.0,1.0,9.0,4.9,1.7,
407.0,1.0,6.0,4.9,2.3,
408.0,2.0,7.0,4.9,3.1,
409.0,2.0,10.0,4.9,2.2,
410.0,2.0,12.0,4.9,2.7,
411.0,2.0,8.0,4.9,2.2,
412.0,0.0,2.0,4.9,2.5,
413.0,2.0,9.0,4.9,2.4,
414.0,2.0,14.0,4.9,2.2,
415.0,0.0,4.0,4.9,1.8,
416.0,2.0,10.0,4.9,2.3,
417.0,2.0,9.0,4.9,3.3,
418.0,2.0,8.0,4.9,1.8,
419.0,2.0,6.0,4.9,4.0,
420.0,2.0,3.0,4.9,4.3,
421.0,1.0,6.0,4.9,3.2,
422.0,2.0,11.0,4.9,2.3,
423.0,2.0,7.0,4.9,2.0,
424.0,1.0,3.0,8.6,2.9,
425.0,2.0,9.0,8.6,1.9,
426.0,1.0,8.0,8.6,3.6,
427.0,2.0,10.0,8.6,3.8,
428.0,2.0,9.0,8.6,2.7,
429.0,2.0,5.0,8.6,1.7,
430.0,1.0,7.0,8.6,3.1,
431.0,1.0,5.0,8.6,2.1,
432.0,2.0,8.0,8.6,3.3,
433.0,2.0,7.0,8.6,0.7,
434.0,1.0,3.0,8.6,1.2,
435.0,1.0,6.0,8.6,1.6,
436.0,0.0,1.0,8.6,1.7,
437.0,2.0,11.0,8.6,2.5,
438.0,0.0,3.0,8.6,2.2,
439.0,2.0,11.0,8.6,0.9,
440.0,1.0,1.0,8.6,2.2,
441.0,2.0,6.0,8.6,3.9,
442.0,1.0,8.0,8.6,3.8,
443.0,2.0,6.0,8.6,3.9,
444.0,1.0,7.0,8.6,2.3,
445.0,1.0,3.0,8.6,1.9,
446.0,0.0,2.0,8.6,1.8,
447.0,1.0,3.0,8.6,2.1,
448.0,0.0,2.0,8.6,3.9,
449.0,1.0,2.0,8.6,2.0,
450.0,2.0,14.0,8.6,3.6,
451.0,0.0,2.0,8.6,2.5,
452.0,2.0,6.0,8.6,3.3,
453.0,2.0,7.0,8.6,0.4,
454.0,1.0,4.0,8.6,2.1,
455.0,1.0,8.0,8.6,2.4,
456.0,2.0,7.0,8.6,2.5,
457.0,2.0,14.0,8.6,2.7,
458.0,1.0,4.0,8.6,3.5,
459.0,1.0,3.0,8.6,1.5,
460.0,2.0,1.0,8.6,2.5,
461.0,2.0,14.0,8.6,1.5,
462.0,0.0,4.0,8.6,1.5,
463.0,0.0,4.0,8.6,2.5,
464.0,2.0,10.0,8.6,3.0,
465.0,1.0,4.0,8.6,0.6,
466.0,2.0,11.0,8.6,2.9,
467.0,0.0,3.0,8.6,3.1,
468.0,1.0,6.0,8.6,2.5,
469.0,2.0,7.0,8.6,2.5,
470.0,0.0,6.0,8.6,3.7,
471.0,1.0,7.0,8.6,2.9,
472.0,2.0,3.0,8.6,1.9,
473.0,1.0,4.0,8.6,2.1,
474.0,1.0,5.0,8.6,1.2,
475.0,1.0,6.0,8.6,3.6,
476.0,1.0,1.0,8.6,3.6,
477.0,2.0,10.0,8.6,2.2,
478.0,0.0,4.0,8.6,2.9,
479.0,2.0,9.0,8.6,1.6,
480.0,0.0,3.0,8.6,0.8,
481.0,0.0,1.0,8.6,2.0,
482.0,0.0,5.0,8.6,2.6,
483.0,0.0,4.0,8.6,2.1,
484.0,0.0,4.0,8.6,1.8,
485.0,0.0,3.0,8.6,3.1,
486.0,0.0,2.0,8.6,3.4,
487.0,1.0,7.0,8.6,2.3,
488.0,1.0,6.0,8.6,2.0,
489.0,0.0,3.0,8.6,2.7,
490.0,2.0,5.0,8.6,4.5,
491.0,2.0,1.0,8.6,2.8,
492.0,1.0,4.0,8.6,1.6,
493.0,1.0,6.0,8.6,2.1,
494.0,0.0,1.0,8.6,2.4,
495.0,2.0,1.0,8.6,3.6,
496.0,1.0,5.0,8.6,2.3,
497.0,1.0,7.0,8.6,2.9,
498.0,1.0,7.0,8.6,4.3,
499.0,1.0,7.0,8.6,2.2,
500.0,1.0,7.0,11.9,3.8,
501.0,2.0,9.0,11.9,2.4,
502.0,0.0,4.0,11.9,2.3,
503.0,1.0,3.0,11.9,3.4,
504.0,1.0,4.0,11.9,2.2,
505.0,0.0,6.0,11.9,2.1,
506.0,0.0,3.0,11.9,1.4,
507.0,0.0,3.0,11.9,2.9,
508.0,0.0,2.0,11.9,1.7,
509.0,0.0,2.0,11.9,3.3,
510.0,2.0,4.0,11.9,2.4,
511.0,0.0,2.0,11.9,3.0,
512.0,1.0,3.0,11.9,3.2,
513.0,1.0,6.0,11.9,1.3,
514.0,1.0,3.0,11.9,2.5,
515.0,0.0,2.0,11.9,1.5,
516.0,0.0,5.0,11.9,2.8,
517.0,2.0,5.0,11.9,1.5,
518.0,0.0,1.0,11.9,0.7,
519.0,1.0,2.0,11.9,1.2,
520.0,0.0,4.0,11.9,3.6,
521.0,1.0,5.0,11.9,2.0,
522.0,2.0,5.0,11.9,3.1,
523.0,1.0,3.0,11.9,2.5,
524.0,2.0,8.0,11.9,2.6,
525.0,2.0,11.0,11.9,1.5,
526.0,1.0,5.0,11.9,1.6,
527.0,1.0,3.0,11.9,3.5,
528.0,1.0,2.0,11.9,2.2,
529.0,2.0,11.0,11.9,2.9,
530.0,1.0,2.0,11.9,4.2,
531.0,1.0,3.0,11.9,1.6,
532.0,0.0,4.0,11.9,1.5,
533.0,2.0,6.0,11.9,1.9,
534.0,0.0,3.0,11.9,2.1,
535.0,0.0,1.0,11.9,2.3,
536.0,0.0,6.0,11.9,2.7,
537.0,2.0,8.0,11.9,4.2,
538.0,2.0,13.0,11.9,3.9,
539.0,0.0,5.0,11.9,0.9,
540.0,1.0,6.0,11.9,2.1,
541.0,1.0,8.0,11.9,3.6,
542.0,1.0,3.0,11.9,1.8,
543.0,1.0,3.0,11.9,3.5,
544.0,1.0,4.0,11.9,3.2,
545.0,2.0,5.0,11.9,1.8,
546.0,2.0,12.0,11.9,2.6,
547.0,0.0,4.0,11.9,2.9,
548.0,2.0,2.0,11.9,3.9,
549.0,0.0,4.0,11.9,2.6,
550.0,0.0,3.0,11.9,3.7,
551.0,2.0,11.0,11.9,3.3,
552.0,0.0,4.0,11.9,2.5,
553.0,2.0,7.0,11.9,2.5,
554.0,2.0,10.0,11.9,2.0,
555.0,2.0,9.0,11.9,0.4,
556.0,0.0,1.0,11.9,2.7,
557.0,1.0,6.0,11.9,3.5,
558.0,0.0,3.0,11.9,1.7,
559.0,2.0,9.0,11.9,2.4,
560.0,1.0,3.0,11.9,2.0,
561.0,2.0,9.0,11.9,1.1,
562.0,1.0,6.0,11.9,1.3,
563.0,0.0,1.0,11.9,1.6,
564.0,2.0,12.0,11.9,2.4,
565.0,2.0,7.0,11.9,2.2,
566.0,1.0,1.0,11.9,3.4,
567.0,2.0,8.0,11.9,3.3,
568.0,2.0,11.0,11.9,2.6,
569.0,0.0,4.0,11.9,2.7,
570.0,0.0,2.0,11.9,3.5,
571.0,2.0,9.0,11.9,1.9,
572.0,1.0,4.0,11.9,2.8,
573.0,2.0,11.0,11.9,0.7,
574.0,0.0,2.0,11.9,2.2,
575.0,1.0,4.0,11.9,3.3,
576.0,2.0,14.0,11.9,1.7,
577.0,2.0,7.0,11.9,1.6,
578.0,1.0,5.0,11.9,1.9,
579.0,0.0,4.0,11.9,1.0,
580.0,0.0,4.0,11.9,1.9,
581.0,2.0,6.0,14.9,1.3,
582.0,1.0,4.0,14.9,2.9,
583.0,2.0,5.0,14.9,3.3,
584.0,1.0,2.0,14.9,2.2,
585.0,0.0,1.0,14.9,0.8,
586.0,1.0,1.0,14.9,1.4,
587.0,1.0,4.0,14.9,2.4,
588.0,1.0,1.0,14.9,2.0,
589.0,2.0,5.0,14.9,1.7,
590.0,0.0,5.0,14.9,1.8,
591.0,0.0,1.0,14.9,3.6,
592.0,1.0,4.0,14.9,3.4,
593.0,2.0,6.0,14.9,2.1,
594.0,2.0,8.0,14.9,1.0,
595.0,2.0,9.0,14.9,1.7,
596.0,0.0,6.0,14.9,3.3,
597.0,2.0,8.0,14.9,2.2,
598.0,0.0,2.0,14.9,1.7,
599.0,1.0,6.0,14.9,3.6,
600.0,1.0,3.0,14.9,1.8,
601.0,2.0,10.0,14.9,2.3,
602.0,2.0,4.0,14.9,3.1,
603.0,2.0,12.0,14.9,2.2,
604.0,2.0,9.0,14.9,2.8,
605.0,1.0,7.0,14.9,3.7,
606.0,0.0,5.0,14.9,2.8,
607.0,1.0,4.0,14.9,3.5,
608.0,1.0,4.0,14.9,2.4,
609.0,1.0,6.0,14.9,3.9,
610.0,0.0,4.0,14.9,1.8,
611.0,1.0,7.0,14.9,1.8,
612.0,0.0,1.0,14.9,1.0,
613.0,1.0,6.0,14.9,4.0,
614.0,0.0,5.0,14.9,2.5,
615.0,2.0,11.0,14.9,3.6,
616.0,0.0,4.0,14.9,2.1,
617.0,1.0,6.0,14.9,2.2,
618.0,0.0,4.0,14.9,3.0,
619.0,1.0,5.0,14.9,3.2,
620.0,1.0,2.0,14.9,2.3,
621.0,1.0,4.0,14.9,3.5,
622.0,0.0,6.0,14.9,2.3,
623.0,2.0,3.0,14.9,2.2,
624.0,2.0,7.0,14.9,3.9,
625.0,2.0,6.0,14.9,3.6,
626.0,0.0,2.0,14.9,2.2,
627.0,1.0,5.0,14.9,3.9,
628.0,0.0,4.0,14.9,2.8,
629.0,1.0,5.0,14.9,1.8,
630.0,2.0,9.0,14.9,2.9,
631.0,0.0,3.0,14.9,2.5,
632.0,2.0,5.0,14.9,4.0,
633.0,0.0,2.0,14.9,2.7,
634.0,2.0,11.0,14.9,2.7,
635.0,1.0,8.0,14.9,2.1,
636.0,0.0,6.0,14.9,1.5,
637.0,0.0,1.0,14.9,2.7,
638.0,1.0,8.0,14.9,0.6,
639.0,1.0,5.0,14.9,2.4,
640.0,1.0,6.0,14.9,3.5,
641.0,1.0,6.0,14.9,2.0,
642.0,2.0,10.0,14.9,1.1,
643.0,0.0,4.0,14.9,2.6,
644.0,0.0,4.0,14.9,3.8,
645.0,2.0,14.0,14.9,3.5,
646.0,0.0,5.0,14.9,2.2,
647.0,2.0,14.0,14.9,1.8,
648.0,1.0,5.0,14.9,4.2,
649.0,1.0,9.0,14.9,3.6,
650.0,2.0,3.0,14.9,1.5,
651.0,0.0,3.0,14.9,2.4,
652.0,0.0,1.0,14.9,1.2,
653.0,2.0,10.0,14.9,3.5,
654.0,0.0,3.0,14.9,4.5,
655.0,1.0,7.0,14.9,2.1,
656.0,2.0,11.0,14.9,1.1,
657.0,2.0,12.0,14.9,3.1,
658.0,0.0,4.0,14.9,2.5,
659.0,1.0,2.0,18.2,2.4,
660.0,2.0,9.0,18.2,2.3,
661.0,2.0,6.0,18.2,4.0,
662.0,1.0,4.0,18.2,1.8,
663.0,2.0,2.0,18.2,2.3,
664.0,2.0,8.0,18.2,1.1,
665.0,1.0,9.0,18.2,2.6,
666.0,1.0,6.0,18.2,1.6,
667.0,2.0,6.0,18.2,2.4,
668.0,1.0,4.0,18.2,0.2,
669.0,2.0,2.0,18.2,2.4,
670.0,1.0,6.0,18.2,2.6,
671.0,1.0,6.0,18.2,2.9,
672.0,2.0,13.0,18.2,1.7,
673.0,1.0,8.0,18.2,1.5,
674.0,0.0,2.0,18.2,0.9,
675.0,0.0,2.0,18.2,1.4,
676.0,0.0,5.0,18.2,3.8,
677.0,0.0,4.0,18.2,3.1,
678.0,0.0,4.0,18.2,2.9,
679.0,0.0,3.0,18.2,3.2,
680.0,1.0,6.0,18.2,2.8,
681.0,1.0,8.0,18.2,2.5,
682.0,2.0,8.0,18.2,3.0,
683.0,2.0,9.0,18.2,2.3,
684.0,2.0,7.0,18.2,2.7,
685.0,1.0,7.0,18.2,2.2,
686.0,0.0,4.0,18.2,2.4,
687.0,2.0,8.0,18.2,2.7,
688.0,0.0,4.0,18.2,1.3,
689.0,1.0,4.0,18.2,3.6,
690.0,1.0,6.0,18.2,3.5,
691.0,0.0,6.0,18.2,3.2,
692.0,2.0,13.0,18.2,1.3,
693.0,2.0,12.0,18.2,1.2,
694.0,2.0,3.0,18.2,1.7,
695.0,1.0,7.0,18.2,2.5,
696.0,2.0,7.0,18.2,1.4,
697.0,0.0,2.0,18.2,1.9,
698.0,1.0,4.0,18.2,2.4,
699.0,2.0,6.0,18.2,1.7,
700.0,1.0,8.0,18.2,3.0,
701.0,2.0,7.0,18.2,1.1,
702.0,0.0,2.0,18.2,1.4,
703.0,2.0,9.0,18.2,1.8,
704.0,2.0,12.0,18.2,1.1,
705.0,0.0,3.0,18.2,2.5,
706.0,2.0,10.0,18.2,2.5,
707.0,2.0,1.0,18.2,3.9,
708.0,1.0,4.0,18.2,1.6,
709.0,0.0,1.0,18.2,4.5,
710.0,1.0,6.0,18.2,3.5,
711.0,2.0,8.0,18.2,3.0,
712.0,2.0,13.0,18.2,2.8,
713.0,0.0,4.0,18.2,3.4,
714.0,2.0,7.0,18.2,2.2,
715.0,1.0,3.0,18.2,2.1,
716.0,2.0,3.0,18.2,3.1,
717.0,1.0,8.0,18.2,3.7,
718.0,1.0,8.0,18.2,2.2,
719.0,1.0,3.0,18.2,2.4,
720.0,0.0,4.0,18.2,2.8,
721.0,0.0,2.0,18.2,3.4,
722.0,0.0,3.0,18.2,2.6,
723.0,1.0,3.0,18.2,1.8,
724.0,1.0,3.0,18.2,2.3,
725.0,1.0,2.0,18.2,1.7,
726.0,0.0,3.0,18.2,1.7,
727.0,1.0,4.0,18.2,1.4,
728.0,1.0,5.0,18.2,1.5,
729.0,0.0,3.0,18.2,2.4,
730.0,1.0,4.0,18.2,2.1,
731.0,2.0,10.0,18.2,1.8,
732.0,0.0,4.0,18.2,2.1,
733.0,2.0,7.0,18.2,4.0,
734.0,2.0,14.0,20.6,3.4,
735.0,2.0,4.0,20.6,1.5,
736.0,2.0,11.0,20.6,2.9,
737.0,1.0,5.0,20.6,2.2,
738.0,0.0,6.0,20.6,3.5,
739.0,2.0,15.0,20.6,1.9,
740.0,0.0,4.0,20.6,3.0,
741.0,2.0,8.0,20.6,4.7,
742.0,2.0,4.0,20.6,3.5,
743.0,2.0,4.0,20.6,2.0,
744.0,2.0,2.0,20.6,3.6,
745.0,2.0,3.0,20.6,3.5,
746.0,2.0,6.0,20.6,4.3,
747.0,0.0,6.0,20.6,2.9,
748.0,1.0,2.0,20.6,1.8,
749.0,1.0,5.0,20.6,2.9,
750.0,2.0,10.0,20.6,1.5,
751.0,2.0,10.0,20.6,3.3,
752.0,0.0,2.0,20.6,1.4,
753.0,0.0,4.0,20.6,1.9,
754.0,1.0,5.0,20.6,1.7,
755.0,1.0,4.0,20.6,2.7,
756.0,2.0,13.0,20.6,2.4,
757.0,2.0,11.0,20.6,3.5,
758.0,1.0,2.0,20.6,3.0,
759.0,2.0,8.0,20.6,1.5,
760.0,1.0,6.0,20.6,1.9,
761.0,2.0,9.0,20.6,4.6,
762.0,0.0,5.0,20.6,1.8,
763.0,2.0,6.0,20.6,2.9,
764.0,2.0,8.0,20.6,2.3,
765.0,2.0,13.0,20.6,1.9,
766.0,2.0,11.0,20.6,1.7,
767.0,0.0,3.0,20.6,2.0,
768.0,1.0,1.0,20.6,3.4,
769.0,2.0,8.0,20.6,3.0,
770.0,0.0,3.0,20.6,2.1,
771.0,0.0,5.0,20.6,2.0,
772.0,0.0,4.0,20.6,1.7,
773.0,0.0,4.0,20.6,2.1,
774.0,0.0,6.0,20.6,2.1,
775.0,2.0,7.0,20.6,2.2,
776.0,2.0,6.0,20.6,2.0,
777.0,0.0,3.0,20.6,1.4,
778.0,0.0,4.0,20.6,3.2,
779.0,1.0,4.0,20.6,3.1,
780.0,0.0,3.0,20.6,3.9,
781.0,0.0,2.0,20.6,3.9,
782.0,2.0,8.0,20.6,2.0,
783.0,1.0,4.0,20.6,2.2,
784.0,0.0,4.0,20.6,3.8,
785.0,0.0,3.0,20.6,1.5,
786.0,2.0,14.0,20.6,1.7,
787.0,2.0,7.0,20.6,0.5,
788.0,0.0,4.0,20.6,1.8,
789.0,1.0,6.0,20.6,2.4,
790.0,0.0,4.0,20.6,3.0,
791.0,0.0,6.0,20.6,2.2,
792.0,1.0,3.0,20.6,2.5,
793.0,0.0,4.0,20.6,1.9,
794.0,0.0,4.0,20.6,2.2,
795.0,0.0,3.0,20.6,1.7,
796.0,1.0,7.0,20.6,2.3,
797.0,2.0,4.0,20.6,2.4,
798.0,1.0,5.0,20.6,1.7,
799.0,1.0,7.0,20.6,3.7,
800.0,2.0,8.0,20.6,3.0,
801.0,1.0,1.0,20.6,3.4,
802.0,0.0,5.0,20.6,2.7,
803.0,2.0,10.0,20.6,1.5,
804.0,2.0,10.0,20.6,3.3,
805.0,1.0,4.0,20.6,3.9,
806.0,0.0,6.0,20.6,3.3,
807.0,2.0,8.0,20.6,1.7,
808.0,0.0,2.0,20.6,3.0,
809.0,1.0,5.0,20.6,4.4,
810.0,2.0,11.0,23.5,2.2,
811.0,0.0,2.0,23.5,1.5,
812.0,1.0,6.0,23.5,1.8,
813.0,2.0,11.0,23.5,2.6,
814.0,0.0,4.0,23.5,2.0,
815.0,0.0,3.0,23.5,1.1,
816.0,0.0,2.0,23.5,2.5,
817.0,1.0,6.0,23.5,2.9,
818.0,0.0,4.0,23.5,2.1,
819.0,2.0,9.0,23.5,3.6,
820.0,0.0,4.0,23.5,2.1,
821.0,1.0,3.0,23.5,1.9,
822.0,1.0,2.0,23.5,2.0,
823.0,0.0,4.0,23.5,0.9,
824.0,1.0,6.0,23.5,2.7,
825.0,0.0,4.0,23.5,1.8,
826.0,2.0,14.0,23.5,2.0,
827.0,1.0,3.0,23.5,3.4,
828.0,0.0,5.0,23.5,2.0,
829.0,1.0,6.0,23.5,2.4,
830.0,1.0,3.0,23.5,2.4,
831.0,2.0,4.0,23.5,1.1,
832.0,2.0,12.0,23.5,2.4,
833.0,0.0,6.0,23.5,1.8,
834.0,2.0,8.0,23.5,3.2,
835.0,0.0,6.0,23.5,2.5,
836.0,2.0,10.0,23.5,2.4,
837.0,2.0,11.0,23.5,3.5,
838.0,1.0,4.0,23.5,1.5,
839.0,2.0,8.0,23.5,1.8,
840.0,2.0,8.0,23.5,2.3,
841.0,2.0,7.0,23.5,2.3,
842.0,0.0,5.0,23.5,2.7,
843.0,1.0,4.0,23.5,2.7,
844.0,0.0,3.0,23.5,4.2,
845.0,1.0,8.0,23.5,2.2,
846.0,0.0,2.0,23.5,2.4,
847.0,1.0,4.0,23.5,3.0,
848.0,1.0,6.0,23.5,1.4,
849.0,0.0,6.0,23.5,2.9,
850.0,0.0,4.0,23.5,2.6,
851.0,0.0,4.0,23.5,3.2,
852.0,2.0,4.0,23.5,1.7,
853.0,1.0,5.0,23.5,2.7,
854.0,2.0,5.0,23.5,3.0,
855.0,2.0,9.0,23.5,2.1,
856.0,1.0,5.0,23.5,2.0,
857.0,0.0,3.0,23.5,3.4,
858.0,1.0,6.0,23.5,3.5,
859.0,1.0,8.0,23.5,0.9,
860.0,1.0,7.0,23.5,3.0,
861.0,0.0,5.0,23.5,1.7,
862.0,2.0,8.0,23.5,2.1,
863.0,0.0,3.0,23.5,2.2,
864.0,1.0,2.0,23.5,2.6,
865.0,1.0,6.0,23.5,2.1,
866.0,2.0,7.0,23.5,2.1,
867.0,0.0,3.0,23.5,2.5,
868.0,2.0,8.0,23.5,2.6,
869.0,0.0,2.0,23.5,2.5,
870.0,1.0,8.0,23.5,3.4,
871.0,0.0,2.0,23.5,3.5,
872.0,2.0,4.0,23.5,2.8,
873.0,0.0,2.0,23.5,1.3,
874.0,2.0,6.0,23.5,3.3,
875.0,0.0,4.0,23.5,3.1,
876.0,1.0,8.0,23.5,2.4,
877.0,1.0,8.0,23.5,3.9,
878.0,2.0,11.0,23.5,3.5,
879.0,2.0,12.0,23.5,2.6,
880.0,0.0,2.0,23.5,2.9,
881.0,2.0,3.0,23.5,1.0,
882.0,0.0,2.0,23.5,3.1,
883.0,2.0,9.0,23.5,3.3,
884.0,0.0,2.0,23.5,3.3,
885.0,0.0,3.0,23.5,2.1,
886.0,1.0,5.0,23.5,2.6,
887.0,1.0,6.0,23.5,3.7,
888.0,1.0,1.0,26.2,2.8,
889.0,0.0,5.0,26.2,2.2,
890.0,1.0,6.0,26.2,3.0,
891.0,1.0,4.0,26.2,2.4,
892.0,0.0,5.0,26.2,2.7,
893.0,2.0,5.0,26.2,2.5,
894.0,1.0,5.0,26.2,2.0,
895.0,2.0,8.0,26.2,3.6,
896.0,0.0,4.0,26.2,2.2,
897.0,1.0,3.0,26.2,1.5,
898.0,0.0,4.0,26.2,2.5,
899.0,0.0,4.0,26.2,0.9,
900.0,1.0,7.0,26.2,3.7,
901.0,1.0,6.0,26.2,3.2,
902.0,0.0,3.0,26.2,2.6,
903.0,1.0,5.0,26.2,2.1,
904.0,1.0,3.0,26.2,3.1,
905.0,2.0,8.0,26.2,3.2,
906.0,2.0,4.0,26.2,3.3,
907.0,1.0,3.0,26.2,2.4,
908.0,1.0,2.0,26.2,1.6,
909.0,1.0,7.0,26.2,1.5,
910.0,2.0,14.0,26.2,2.6,
911.0,0.0,2.0,26.2,1.5,
912.0,1.0,4.0,26.2,1.1,
913.0,0.0,5.0,26.2,2.7,
914.0,0.0,3.0,26.2,2.5,
915.0,0.0,4.0,26.2,3.0,
916.0,2.0,13.0,26.2,0.6,
917.0,0.0,5.0,26.2,2.9,
918.0,2.0,9.0,26.2,1.4,
919.0,2.0,6.0,26.2,3.7,
920.0,1.0,7.0,26.2,3.2,
921.0,1.0,2.0,26.2,2.0,
922.0,1.0,5.0,26.2,0.6,
923.0,2.0,9.0,26.2,2.2,
924.0,1.0,6.0,26.2,2.5,
925.0,1.0,6.0,26.2,2.7,
926.0,1.0,6.0,26.2,3.5,
927.0,0.0,1.0,26.2,2.9,
928.0,0.0,2.0,26.2,3.3,
929.0,1.0,5.0,26.2,3.7,
930.0,1.0,9.0,26.2,3.4,
931.0,1.0,3.0,26.2,2.0,
932.0,0.0,2.0,26.2,3.2,
933.0,1.0,8.0,26.2,3.1,
934.0,0.0,5.0,26.2,2.1,
935.0,1.0,6.0,26.2,3.8,
936.0,2.0,1.0,26.2,2.4,
937.0,2.0,5.0,26.2,0.9,
938.0,2.0,10.0,26.2,1.7,
939.0,1.0,2.0,26.2,2.1,
940.0,0.0,3.0,26.2,1.3,
941.0,2.0,13.0,26.2,1.7,
942.0,0.0,2.0,26.2,2.8,
943.0,0.0,4.0,26.2,3.2,
944.0,1.0,3.0,26.2,2.0,
945.0,1.0,4.0,26.2,2.8,
946.0,2.0,7.0,26.2,1.8,
947.0,0.0,2.0,26.2,2.0,
948.0,0.0,4.0,26.2,3.5,
949.0,1.0,1.0,26.2,3.9,
950.0,0.0,5.0,26.2,4.2,
951.0,2.0,3.0,26.2,3.7,
952.0,0.0,3.0,26.2,2.8,
953.0,0.0,4.0,26.2,2.7,
954.0,1.0,3.0,26.2,3.6,
955.0,0.0,3.0,26.2,1.7,
956.0,1.0,4.0,26.2,2.4,
957.0,2.0,8.0,26.2,2.4,
958.0,0.0,2.0,26.2,2.1,
959.0,0.0,3.0,26.2,2.4,
960.0,0.0,1.0,26.2,1.4,
961.0,0.0,2.0,26.2,2.8,
962.0,0.0,1.0,26.2,3.9,
963.0,2.0,3.0,26.2,3.8,
964.0,1.0,4.0,26.2,1.7,
965.0,0.0,3.0,26.2,2.6,
966.0,2.0,2.0,26.2,2.9,
967.0,0.0,4.0,26.2,2.4,
968.0,2.0,10.0,26.2,3.6,
969.0,0.0,4.0,28.1,3.8,
970.0,1.0,4.0,28.1,2.5,
971.0,2.0,8.0,28.1,1.7,
972.0,0.0,4.0,28.1,2.0,
973.0,2.0,13.0,28.1,2.2,
974.0,0.0,3.0,28.1,2.6,
975.0,1.0,3.0,28.1,2.1,
976.0,0.0,3.0,28.1,2.8,
977.0,2.0,9.0,28.1,2.6,
978.0,1.0,4.0,28.1,3.1,
979.0,1.0,1.0,28.1,4.0,
980.0,0.0,4.0,28.1,2.2,
981.0,1.0,3.0,28.1,2.4,
982.0,0.0,2.0,28.1,1.7,
983.0,2.0,9.0,28.1,3.2,
984.0,0.0,2.0,28.1,0.8,
985.0,2.0,5.0,28.1,3.5,
986.0,1.0,5.0,28.1,3.7,
987.0,1.0,3.0,28.1,3.9,
988.0,0.0,4.0,28.1,4.2,
989.0,1.0,5.0,28.1,2.7,
990.0,2.0,5.0,28.1,2.9,
991.0,1.0,7.0,28.1,2.6,
992.0,0.0,4.0,28.1,2.7,
993.0,1.0,4.0,28.1,3.1,
994.0,1.0,4.0,28.1,2.8,
995.0,0.0,4.0,28.1,2.3,
996.0,0.0,4.0,28.1,1.7,
997.0,1.0,3.0,28.1,3.8,
998.0,2.0,5.0,28.1,0.5,
999.0,2.0,14.0,28.1,2.9,
1000.0,0.0,4.0,28.1,1.5,
1001.0,0.0,4.0,28.1,3.2,
1002.0,1.0,7.0,28.1,1.7,
1003.0,1.0,8.0,28.1,2.4,
1004.0,2.0,4.0,28.1,1.5,
1005.0,0.0,2.0,28.1,1.1,
1006.0,2.0,13.0,28.1,3.3,
1007.0,1.0,3.0,28.1,3.3,
1008.0,1.0,6.0,28.1,3.6,
1009.0,1.0,4.0,28.1,1.0,
1010.0,1.0,7.0,28.1,3.5,
1011.0,1.0,4.0,28.1,2.7,
1012.0,2.0,8.0,28.1,1.8,
1013.0,0.0,2.0,28.1,0.6,
1014.0,0.0,5.0,28.1,3.5,
1015.0,2.0,13.0,28.1,2.5,
1016.0,0.0,5.0,28.1,3.0,
1017.0,1.0,4.0,28.1,1.7,
1018.0,2.0,6.0,28.1,2.3,
1019.0,2.0,9.0,28.1,2.5,
1020.0,0.0,2.0,28.1,2.7,
1021.0,1.0,3.0,28.1,2.6,
1022.0,1.0,4.0,28.1,1.6,
1023.0,2.0,9.0,28.1,1.6,
1024.0,1.0,3.0,28.1,1.9,
1025.0,1.0,3.0,28.1,3.6,
1026.0,1.0,5.0,28.1,1.9,
1027.0,0.0,2.0,28.1,1.7,
1028.0,2.0,7.0,28.1,2.2,
1029.0,0.0,4.0,28.1,2.6,
1030.0,0.0,6.0,28.1,2.8,
1031.0,2.0,13.0,28.1,3.0,
1032.0,2.0,8.0,28.1,3.1,
1033.0,0.0,2.0,28.1,1.2,
1034.0,0.0,3.0,28.1,2.8,
1035.0,1.0,5.0,28.1,2.5,
1036.0,2.0,10.0,28.1,2.9,
1037.0,2.0,5.0,28.1,3.8,
1038.0,0.0,3.0,28.1,1.6,
1039.0,1.0,2.0,28.1,1.8,
1040.0,1.0,9.0,28.1,2.3,
1041.0,0.0,6.0,28.1,2.1,
1042.0,0.0,6.0,28.1,2.4,
1043.0,1.0,7.0,28.1,2.8,
1044.0,1.0,8.0,28.1,1.3,
1045.0,0.0,2.0,32.5,3.4,
1046.0,2.0,10.0,32.5,0.9,
1047.0,0.0,6.0,32.5,2.9,
1048.0,1.0,6.0,32.5,1.9,
1049.0,1.0,1.0,32.5,3.2,
1050.0,1.0,5.0,32.5,2.1,
1051.0,0.0,3.0,32.5,2.3,
1052.0,0.0,3.0,32.5,3.9,
1053.0,2.0,9.0,32.5,1.8,
1054.0,1.0,1.0,32.5,3.2,
1055.0,0.0,4.0,32.5,2.6,
1056.0,2.0,11.0,32.5,2.8,
1057.0,1.0,9.0,32.5,3.0,
1058.0,1.0,6.0,32.5,2.6,
1059.0,2.0,15.0,32.5,4.1,
1060.0,1.0,3.0,32.5,3.5,
1061.0,2.0,6.0,32.5,3.0,
1062.0,2.0,5.0,32.5,2.1,
1063.0,1.0,8.0,32.5,4.0,
1064.0,2.0,11.0,32.5,1.0,
1065.0,2.0,4.0,32.5,3.7,
1066.0,0.0,5.0,32.5,4.1,
1067.0,2.0,6.0,32.5,3.3,
1068.0,1.0,4.0,32.5,1.4,
1069.0,1.0,9.0,32.5,2.5,
1070.0,1.0,5.0,32.5,2.5,
1071.0,0.0,3.0,32.5,3.5,
1072.0,0.0,3.0,32.5,3.1,
1073.0,2.0,5.0,32.5,2.1,
1074.0,1.0,2.0,32.5,1.4,
1075.0,0.0,4.0,32.5,2.7,
1076.0,2.0,8.0,32.5,2.5,
1077.0,0.0,3.0,32.5,0.7,
1078.0,0.0,2.0,32.5,2.5,
1079.0,2.0,12.0,32.5,2.9,
1080.0,2.0,6.0,32.5,3.8,
1081.0,1.0,3.0,32.5,3.5,
1082.0,2.0,10.0,32.5,1.4,
1083.0,0.0,4.0,32.5,2.5,
1084.0,0.0,4.0,32.5,3.5,
1085.0,2.0,11.0,32.5,2.7,
1086.0,1.0,2.0,32.5,2.4,
1087.0,2.0,13.0,32.5,2.2,
1088.0,1.0,5.0,32.5,3.1,
1089.0,0.0,6.0,32.5,0.9,
1090.0,2.0,11.0,32.5,1.8,
1091.0,0.0,5.0,32.5,1.6,
1092.0,1.0,8.0,32.5,1.6,
1093.0,2.0,6.0,32.5,2.6,
1094.0,1.0,7.0,32.5,3.1,
1095.0,0.0,4.0,32.5,2.4,
1096.0,2.0,4.0,32.5,2.1,
1097.0,2.0,13.0,32.5,1.6,
1098.0,1.0,5.0,32.5,2.4,
1099.0,2.0,10.0,32.5,3.6,
1100.0,0.0,6.0,32.5,2.6,
1101.0,0.0,1.0,32.5,3.6,
1102.0,1.0,5.0,32.5,1.5,
1103.0,0.0,3.0,32.5,2.3,
1104.0,1.0,6.0,32.5,2.5,
1105.0,2.0,4.0,32.5,2.7,
1106.0,2.0,8.0,32.5,1.4,
1107.0,0.0,4.0,32.5,2.9,
1108.0,2.0,11.0,32.5,2.5,
1109.0,0.0,2.0,32.5,1.8,
1110.0,0.0,5.0,32.5,2.5,
1111.0,0.0,4.0,32.5,1.7,
1112.0,2.0,10.0,32.5,1.1,
1113.0,2.0,11.0,32.5,1.9,
1114.0,1.0,6.0,32.5,3.5,
1115.0,1.0,5.0,32.5,1.7,
1116.0,1.0,5.0,32.5,2.6,
1117.0,1.0,5.0,32.5,3.4,
1118.0,1.0,3.0,32.5,2.0,
1119.0,1.0,6.0,32.5,2.1,
1120.0,1.0,5.0,32.5,2.8,
1121.0,1.0,5.0,32.5,2.5,
1122.0,2.0,10.0,35.5,2.7,
1123.0,1.0,8.0,35.5,2.2,
1124.0,1.0,2.0,35.5,3.1,
1125.0,2.0,7.0,35.5,2.9,
1126.0,0.0,4.0,35.5,1.6,
1127.0,1.0,5.0,35.5,3.8,
1128.0,0.0,5.0,35.5,3.0,
1129.0,2.0,10.0,35.5,2.5,
1130.0,1.0,8.0,35.5,2.1,
1131.0,1.0,7.0,35.5,1.3,
1132.0,2.0,5.0,35.5,2.3,
1133.0,1.0,4.0,35.5,2.0,
1134.0,0.0,2.0,35.5,1.6,
1135.0,2.0,10.0,35.5,2.4,
1136.0,0.0,1.0,35.5,1.4,
1137.0,1.0,1.0,35.5,2.5,
1138.0,2.0,10.0,35.5,2.9,
1139.0,2.0,11.0,35.5,2.1,
1140.0,0.0,5.0,35.5,1.7,
1141.0,0.0,2.0,35.5,3.8,
1142.0,1.0,3.0,35.5,3.4,
1143.0,2.0,7.0,35.5,3.3,
1144.0,2.0,4.0,35.5,1.7,
1145.0,1.0,8.0,35.5,1.1,
1146.0,0.0,6.0,35.5,3.5,
1147.0,2.0,6.0,35.5,2.6,
1148.0,0.0,3.0,35.5,4.1,
1149.0,2.0,11.0,35.5,1.6,
1150.0,2.0,4.0,35.5,1.0,
1151.0,2.0,6.0,35.5,1.9,
1152.0,2.0,12.0,35.5,1.7,
1153.0,2.0,6.0,35.5,1.3,
1154.0,1.0,8.0,35.5,2.5,
1155.0,2.0,10.0,35.5,2.4,
1156.0,1.0,6.0,35.5,2.9,
1157.0,0.0,4.0,35.5,3.8,
1158.0,1.0,1.0,35.5,1.6,
1159.0,1.0,1.0,35.5,1.6,
1160.0,1.0,7.0,35.5,4.3,
1161.0,2.0,14.0,35.5,2.6,
1162.0,1.0,8.0,35.5,2.6,
1163.0,2.0,3.0,35.5,2.2,
1164.0,0.0,4.0,35.5,3.2,
1165.0,1.0,7.0,35.5,2.2,
1166.0,1.0,4.0,35.5,3.3,
1167.0,0.0,3.0,35.5,3.2,
1168.0,1.0,3.0,35.5,1.6,
1169.0,2.0,4.0,35.5,2.0,
1170.0,0.0,6.0,35.5,2.9,
1171.0,2.0,10.0,35.5,3.5,
1172.0,2.0,8.0,35.5,3.0,
1173.0,0.0,4.0,35.5,2.6,
1174.0,1.0,8.0,35.5,2.3,
1175.0,2.0,2.0,35.5,3.6,
1176.0,0.0,3.0,35.5,1.5,
1177.0,1.0,7.0,35.5,2.2,
1178.0,2.0,4.0,35.5,3.2,
1179.0,2.0,14.0,35.5,3.5,
1180.0,0.0,3.0,35.5,0.8,
1181.0,2.0,7.0,35.5,3.1,
1182.0,2.0,10.0,35.5,3.4,
1183.0,2.0,6.0,35.5,2.2,
1184.0,1.0,4.0,35.5,2.4,
1185.0,2.0,8.0,35.5,3.4,
1186.0,0.0,5.0,35.5,2.8,
1187.0,2.0,6.0,35.5,3.3,
1188.0,0.0,1.0,35.5,2.8,
1189.0,2.0,9.0,35.5,1.8,
1190.0,2.0,6.0,35.5,2.8,
1191.0,0.0,5.0,35.5,2.1,
1192.0,0.0,5.0,35.5,1.6,
1193.0,1.0,7.0,35.5,2.1,
1194.0,2.0,5.0,35.5,1.9,
1195.0,2.0,12.0,35.5,2.7,
1196.0,1.0,9.0,35.5,4.2,
1197.0,0.0,3.0,35.5,2.5,
1198.0,0.0,4.0,38.1,3.5,
1199.0,1.0,7.0,38.1,4.0,
1200.0,0.0,3.0,38.1,3.7,
1201.0,0.0,5.0,38.1,1.3,
1202.0,2.0,8.0,38.1,3.6,
1203.0,0.0,5.0,38.1,4.1,
1204.0,1.0,4.0,38.1,2.5,
1205.0,0.0,4.0,38.1,2.9,
1206.0,2.0,12.0,38.1,2.4,
1207.0,1.0,6.0,38.1,3.3,
1208.0,2.0,6.0,38.1,3.2,
1209.0,1.0,3.0,38.1,2.0,
1210.0,2.0,8.0,38.1,3.4,
1211.0,2.0,5.0,38.1,1.7,
1212.0,1.0,5.0,38.1,2.3,
1213.0,1.0,6.0,38.1,2.3,
1214.0,0.0,3.0,38.1,2.6,
1215.0,1.0,7.0,38.1,1.7,
1216.0,0.0,3.0,38.1,2.1,
1217.0,1.0,4.0,38.1,3.2,
1218.0,0.0,4.0,38.1,3.3,
1219.0,0.0,5.0,38.1,0.4,
1220.0,2.0,5.0,38.1,1.9,
1221.0,0.0,3.0,38.1,2.4,
1222.0,0.0,6.0,38.1,1.6,
1223.0,2.0,9.0,38.1,2.7,
1224.0,1.0,3.0,38.1,0.8,
1225.0,2.0,12.0,38.1,0.6,
1226.0,1.0,7.0,38.1,1.8,
1227.0,2.0,7.0,38.1,2.9,
1228.0,0.0,5.0,38.1,3.5,
1229.0,1.0,3.0,38.1,1.5,
1230.0,1.0,3.0,38.1,2.5,
1231.0,2.0,7.0,38.1,2.9,
1232.0,2.0,14.0,38.1,3.1,
1233.0,0.0,4.0,38.1,1.1,
1234.0,1.0,4.0,38.1,1.7,
1235.0,0.0,2.0,38.1,3.0,
1236.0,2.0,14.0,38.1,2.3,
1237.0,1.0,5.0,38.1,3.9,
1238.0,0.0,2.0,38.1,2.2,
1239.0,1.0,3.0,38.1,1.5,
1240.0,0.0,2.0,38.1,2.8,
1241.0,2.0,10.0,38.1,1.2,
1242.0,1.0,2.0,38.1,2.9,
1243.0,1.0,3.0,38.1,3.0,
1244.0,0.0,5.0,38.1,3.5,
1245.0,1.0,4.0,38.1,2.2,
1246.0,0.0,5.0,38.1,2.4,
1247.0,2.0,2.0,38.1,1.5,
1248.0,0.0,6.0,38.1,1.5,
1249.0,0.0,1.0,38.1,2.5,
1250.0,1.0,4.0,38.1,3.3,
1251.0,1.0,2.0,38.1,2.7,
1252.0,0.0,4.0,38.1,3.3,
1253.0,1.0,6.0,38.1,2.0,
1254.0,2.0,7.0,38.1,1.8,
1255.0,1.0,8.0,38.1,2.0,
1256.0,2.0,3.0,38.1,2.5,
1257.0,0.0,6.0,38.1,2.9,
1258.0,2.0,5.0,38.1,3.7,
1259.0,2.0,6.0,38.1,2.6,
1260.0,1.0,2.0,38.1,2.9,
1261.0,0.0,5.0,38.1,3.3,
1262.0,2.0,10.0,38.1,2.4,
1263.0,1.0,3.0,38.1,2.1,
1264.0,2.0,5.0,38.1,1.4,
1265.0,0.0,2.0,38.1,2.2,
1266.0,1.0,5.0,38.1,3.6,
1267.0,0.0,4.0,38.1,3.6,
1268.0,0.0,3.0,38.1,3.2,
1269.0,2.0,14.0,38.1,2.5,
1270.0,2.0,12.0,38.1,3.4,
1271.0,1.0,5.0,38.1,2.4,
1272.0,0.0,2.0,38.1,4.5,
1273.0,1.0,6.0,38.1,2.3,
1274.0,0.0,2.0,38.1,2.6,
1275.0,1.0,3.0,38.1,3.0,
1276.0,0.0,6.0,38.1,1.1,
1277.0,1.0,2.0,38.1,1.9,
1278.0,2.0,6.0,38.1,1.7,
1279.0,1.0,2.0,41.8,2.3,
1280.0,1.0,8.0,41.8,3.2,
1281.0,0.0,3.0,41.8,3.0,
1282.0,2.0,5.0,41.8,2.5,
1283.0,0.0,5.0,41.8,2.5,
1284.0,1.0,2.0,41.8,2.6,
1285.0,1.0,6.0,41.8,4.6,
1286.0,0.0,1.0,41.8,3.3,
1287.0,0.0,3.0,41.8,2.4,
1288.0,1.0,8.0,41.8,3.4,
1289.0,2.0,8.0,41.8,2.7,
1290.0,1.0,1.0,41.8,2.7,
1291.0,2.0,6.0,41.8,1.9,
1292.0,2.0,5.0,41.8,2.6,
1293.0,2.0,6.0,41.8,2.5,
1294.0,0.0,5.0,41.8,3.8,
1295.0,0.0,2.0,41.8,0.6,
1296.0,2.0,8.0,41.8,0.6,
1297.0,2.0,6.0,41.8,2.3,
1298.0,1.0,9.0,41.8,1.9,
1299.0,0.0,6.0,41.8,3.6,
1300.0,1.0,4.0,41.8,2.6,
1301.0,2.0,10.0,41.8,2.4,
1302.0,2.0,9.0,41.8,3.1,
1303.0,2.0,7.0,41.8,2.5,
1304.0,2.0,6.0,41.8,2.1,
1305.0,1.0,3.0,41.8,2.2,
1306.0,2.0,7.0,41.8,1.9,
1307.0,0.0,5.0,41.8,3.4,
1308.0,1.0,7.0,41.8,2.2,
1309.0,0.0,3.0,41.8,2.8,
1310.0,2.0,14.0,41.8,3.4,
1311.0,1.0,7.0,41.8,0.9,
1312.0,1.0,7.0,41.8,2.5,
1313.0,0.0,5.0,41.8,1.0,
1314.0,2.0,15.0,41.8,1.9,
1315.0,2.0,5.0,41.8,1.2,
1316.0,2.0,6.0,41.8,2.1,
1317.0,0.0,6.0,41.8,3.0,
1318.0,2.0,8.0,41.8,2.8,
1319.0,2.0,9.0,41.8,3.4,
1320.0,2.0,2.0,41.8,1.3,
1321.0,2.0,10.0,41.8,1.5,
1322.0,0.0,5.0,41.8,2.3,
1323.0,0.0,6.0,41.8,1.5,
1324.0,1.0,3.0,41.8,3.2,
1325.0,1.0,4.0,41.8,3.8,
1326.0,1.0,4.0,41.8,1.9,
1327.0,2.0,10.0,41.8,2.8,
1328.0,2.0,10.0,41.8,1.6,
1329.0,0.0,3.0,41.8,2.2,
1330.0,0.0,2.0,41.8,4.0,
1331.0,2.0,13.0,41.8,2.1,
1332.0,2.0,15.0,41.8,2.1,
1333.0,0.0,3.0,41.8,1.5,
1334.0,1.0,8.0,41.8,1.5,
1335.0,2.0,6.0,41.8,3.0,
1336.0,0.0,5.0,41.8,3.3,
1337.0,1.0,6.0,41.8,2.9,
1338.0,2.0,9.0,41.8,1.8,
1339.0,1.0,6.0,41.8,0.7,
1340.0,0.0,2.0,41.8,2.0,
1341.0,2.0,7.0,41.8,2.3,
1342.0,1.0,7.0,41.8,2.8,
1343.0,2.0,2.0,41.8,1.0,
1344.0,2.0,7.0,41.8,3.0,
1345.0,1.0,4.0,41.8,2.6,
1346.0,0.0,4.0,41.8,3.8,
1347.0,2.0,13.0,41.8,2.8,
1348.0,0.0,4.0,41.8,3.0,
1349.0,0.0,4.0,41.8,2.5,
1350.0,1.0,4.0,41.8,2.6,
1351.0,2.0,8.0,41.8,2.3,
1352.0,0.0,3.0,41.8,2.2,
1353.0,2.0,2.0,41.8,2.0,
1354.0,1.0,5.0,42.5,2.6,
1355.0,0.0,4.0,42.5,3.4,
1356.0,0.0,4.0,42.5,0.7,
1357.0,1.0,8.0,42.5,2.3,
1358.0,0.0,2.0,42.5,1.1,
1359.0,2.0,10.0,42.5,3.3,
1360.0,0.0,3.0,42.5,3.7,
1361.0,2.0,9.0,42.5,4.0,
1362.0,2.0,4.0,42.5,1.9,
1363.0,0.0,4.0,42.5,2.8,
1364.0,0.0,1.0,42.5,2.2,
1365.0,2.0,8.0,42.5,2.2,
1366.0,1.0,2.0,42.5,1.8,
1367.0,1.0,5.0,42.5,1.2,
1368.0,2.0,8.0,42.5,2.5,
1369.0,1.0,7.0,42.5,3.1,
1370.0,2.0,6.0,42.5,1.6,
1371.0,1.0,5.0,42.5,2.3,
1372.0,0.0,4.0,42.5,3.1,
1373.0,1.0,6.0,42.5,3.8,
1374.0,2.0,4.0,42.5,1.7,
1375.0,0.0,3.0,42.5,4.0,
1376.0,0.0,3.0,42.5,1.9,
1377.0,2.0,9.0,42.5,1.8,
1378.0,0.0,6.0,42.5,2.0,
1379.0,1.0,4.0,42.5,2.6,
1380.0,2.0,13.0,42.5,2.0,
1381.0,0.0,6.0,42.5,2.5,
1382.0,0.0,2.0,42.5,2.5,
1383.0,1.0,5.0,42.5,3.7,
1384.0,1.0,6.0,42.5,2.0,
1385.0,1.0,7.0,42.5,0.7,
1386.0,2.0,15.0,42.5,1.8,
1387.0,1.0,7.0,42.5,2.8,
1388.0,0.0,5.0,42.5,2.8,
1389.0,0.0,1.0,42.5,1.0,
1390.0,1.0,6.0,42.5,2.4,
1391.0,1.0,7.0,42.5,1.1,
1392.0,1.0,5.0,42.5,3.3,
1393.0,0.0,4.0,42.5,1.9,
1394.0,1.0,3.0,42.5,3.3,
1395.0,1.0,6.0,42.5,1.3,
1396.0,1.0,1.0,42.5,2.9,
1397.0,1.0,6.0,42.5,3.8,
1398.0,1.0,8.0,42.5,1.5,
1399.0,1.0,4.0,42.5,2.8,
1400.0,2.0,3.0,42.5,2.0,
1401.0,0.0,1.0,42.5,2.3,
1402.0,0.0,6.0,42.5,2.8,
1403.0,2.0,13.0,42.5,2.3,
1404.0,2.0,7.0,42.5,1.8,
1405.0,0.0,4.0,42.5,2.3,
1406.0,2.0,6.0,42.5,3.4,
1407.0,0.0,5.0,42.5,1.1,
1408.0,1.0,8.0,42.5,1.7,
1409.0,0.0,1.0,42.5,2.3,
1410.0,0.0,4.0,42.5,3.2,
1411.0,2.0,8.0,42.5,1.9,
1412.0,1.0,7.0,42.5,2.7,
1413.0,0.0,3.0,42.5,1.8,
1414.0,1.0,8.0,42.5,1.2,
1415.0,0.0,4.0,42.5,2.4,
1416.0,2.0,1.0,42.5,1.2,
1417.0,1.0,1.0,42.5,2.1,
1418.0,1.0,7.0,42.5,2.6,
1419.0,1.0,6.0,42.5,2.1,
1420.0,2.0,5.0,42.5,2.8,
1421.0,0.0,2.0,42.5,1.1,
1422.0,1.0,5.0,42.5,3.1,
1423.0,0.0,6.0,42.5,2.8,
1424.0,0.0,5.0,42.5,1.8,
1425.0,0.0,3.0,42.5,2.3,
1426.0,2.0,3.0,42.5,1.0,
1427.0,1.0,8.0,42.5,1.0,
1428.0,0.0,5.0,42.5,3.5,
1429.0,2.0,8.0,42.5,2.0,
1430.0,0.0,4.0,42.5,1.6,
1431.0,1.0,3.0,42.5,2.7,
1432.0,1.0,4.0,42.5,1.6,
1433.0,2.0,10.0,42.5,1.5,
1434.0,0.0,1.0,42.5,3.3,
1435.0,1.0,8.0,42.5,2.6,
1436.0,1.0,6.0,42.5,2.1,
1437.0,0.0,3.0,42.5,3.5,
1438.0,1.0,4.0,42.5,1.5,
1439.0,0.0,2.0,42.5,3.5,
1440.0,2.0,11.0,42.5,3.0,
1441.0,2.0,10.0,42.5,2.4,
1442.0,2.0,8.0,42.5,2.1,
1443.0,1.0,4.0,44.4,1.6,
1444.0,2.0,8.0,44.4,2.3,
1445.0,2.0,6.0,44.4,0.8,
1446.0,2.0,10.0,44.4,2.0,
1447.0,2.0,10.0,44.4,2.4,
1448.0,2.0,11.0,44.4,2.1,
1449.0,1.0,2.0,44.4,3.7,
1450.0,0.0,4.0,44.4,1.0,
1451.0,2.0,3.0,44.4,3.8,
1452.0,1.0,4.0,44.4,1.7,
1453.0,1.0,7.0,44.4,2.2,
1454.0,0.0,1.0,44.4,3.2,
1455.0,0.0,2.0,44.4,3.0,
1456.0,1.0,7.0,44.4,2.0,
1457.0,2.0,6.0,44.4,3.7,
1458.0,1.0,4.0,44.4,1.6,
1459.0,0.0,3.0,44.4,2.2,
1460.0,2.0,14.0,44.4,2.2,
1461.0,1.0,3.0,44.4,4.1,
1462.0,0.0,6.0,44.4,3.4,
1463.0,2.0,4.0,44.4,2.1,
1464.0,1.0,1.0,44.4,1.3,
1465.0,0.0,2.0,44.4,1.9,
1466.0,1.0,2.0,44.4,3.0,
1467.0,0.0,5.0,44.4,3.0,
1468.0,2.0,9.0,44.4,1.9,
1469.0,0.0,5.0,44.4,3.9,
1470.0,1.0,7.0,44.4,2.0,
1471.0,0.0,2.0,44.4,1.3,
1472.0,2.0,7.0,44.4,2.8,
1473.0,2.0,7.0,44.4,3.3,
1474.0,0.0,4.0,44.4,1.6,
1475.0,0.0,3.0,44.4,3.0,
1476.0,0.0,3.0,44.4,3.7,
1477.0,2.0,7.0,44.4,1.3,
1478.0,2.0,8.0,44.4,1.4,
1479.0,0.0,5.0,44.4,2.3,
1480.0,0.0,1.0,44.4,2.7,
1481.0,0.0,4.0,44.4,2.1,
1482.0,2.0,6.0,44.4,2.2,
1483.0,2.0,7.0,44.4,2.9,
1484.0,1.0,3.0,44.4,1.3,
1485.0,0.0,2.0,44.4,2.4,
1486.0,2.0,7.0,44.4,2.1,
1487.0,0.0,1.0,44.4,2.8,
1488.0,2.0,11.0,44.4,3.8,
1489.0,1.0,9.0,44.4,3.4,
1490.0,0.0,6.0,44.4,0.8,
1491.0,1.0,5.0,44.4,2.7,
1492.0,0.0,2.0,44.4,2.8,
1493.0,1.0,6.0,44.4,2.3,
1494.0,1.0,6.0,44.4,2.3,
1495.0,1.0,4.0,44.4,1.9,
1496.0,0.0,6.0,44.4,1.2,
1497.0,2.0,7.0,44.4,2.9,
1498.0,1.0,5.0,44.4,0.9,
1499.0,0.0,3.0,44.4,1.7,
