0.0,1.0,4.0,0.0,2.6,
1.0,0.0,5.0,0.0,2.1,
2.0,0.0,5.0,0.0,1.5,
3.0,0.0,4.0,0.0,3.4,
4.0,2.0,9.0,0.0,3.9,
5.0,0.0,1.0,0.0,2.2,
6.0,2.0,6.0,0.0,3.7,
7.0,2.0,5.0,0.0,1.4,
8.0,0.0,5.0,0.0,2.7,
9.0,1.0,5.0,0.0,2.0,
10.0,0.0,3.0,0.0,2.6,
11.0,1.0,6.0,0.0,3.8,
12.0,0.0,5.0,0.0,2.9,
13.0,1.0,8.0,0.0,2.8,
14.0,1.0,5.0,0.0,4.2,
15.0,2.0,10.0,0.0,2.9,
16.0,1.0,4.0,0.0,3.6,
17.0,2.0,7.0,0.0,2.2,
18.0,1.0,6.0,0.0,2.7,
19.0,0.0,1.0,0.0,3.0,
20.0,2.0,7.0,0.0,2.2,
21.0,0.0,1.0,0.0,0.8,
22.0,1.0,3.0,0.0,3.1,
23.0,2.0,4.0,0.0,2.4,
24.0,0.0,3.0,0.0,0.9,
25.0,1.0,5.0,0.0,1.3,
26.0,0.0,2.0,0.0,1.9,
27.0,2.0,5.0,0.0,2.3,
28.0,1.0,4.0,0.0,2.0,
29.0,2.0,8.0,0.0,2.7,
30.0,1.0,5.0,0.0,2.9,
31.0,1.0,1.0,0.0,1.8,
32.0,0.0,1.0,0.0,3.6,
33.0,2.0,5.0,0.0,2.9,
34.0,1.0,2.0,0.0,0.6,
35.0,2.0,11.0,0.0,2.2,
36.0,2.0,6.0,0.0,2.1,
37.0,0.0,4.0,0.0,2.1,
38.0,1.0,5.0,0.0,2.6,
39.0,2.0,10.0,0.0,1.1,
40.0,1.0,5.0,0.0,3.8,
41.0,0.0,4.0,0.0,1.5,
42.0,1.0,5.0,0.0,2.7,
43.0,0.0,5.0,0.0,1.4,
44.0,0.0,5.0,0.0,3.2,
45.0,0.0,2.0,0.0,2.7,
46.0,0.0,3.0,0.0,3.2,
47.0,2.0,2.0,0.0,2.7,
48.0,1.0,3.0,0.0,0.9,
49.0,1.0,2.0,0.0,1.9,
50.0,1.0,3.0,0.0,3.7,
51.0,1.0,5.0,0.0,2.6,
52.0,1.0,3.0,0.0,2.8,
53.0,1.0,6.0,0.0,3.4,
54.0,0.0,4.0,0.0,2.8,
55.0,1.0,4.0,0.0,3.6,
56.0,1.0,8.0,0.0,3.0,
57.0,0.0,1.0,0.0,4.0,
58.0,2.0,3.0,0.0,1.9,
59.0,0.0,2.0,0.0,2.7,
60.0,2.0,8.0,0.0,0.9,
61.0,2.0,10.0,0.0,1.9,
62.0,1.0,7.0,0.0,1.9,
63.0,0.0,3.0,0.0,3.3,
64.0,2.0,10.0,2.6,1.6,
65.0,2.0,6.0,2.6,2.4,
66.0,0.0,6.0,2.6,2.2,
67.0,1.0,5.0,2.6,3.9,
68.0,2.0,9.0,2.6,2.4,
69.0,0.0,2.0,2.6,2.1,
70.0,1.0,7.0,2.6,2.4,
71.0,1.0,8.0,2.6,1.9,
72.0,0.0,3.0,2.6,2.5,
73.0,0.0,2.0,2.6,3.0,
74.0,0.0,6.0,2.6,1.1,
75.0,0.0,3.0,2.6,2.1,
76.0,2.0,12.0,2.6,0.9,
77.0,0.0,2.0,2.6,2.8,
78.0,0.0,4.0,2.6,2.5,
79.0,1.0,6.0,2.6,3.7,
80.0,2.0,2.0,2.6,2.2,
81.0,2.0,10.0,2.6,2.0,
82.0,0.0,6.0,2.6,2.2,
83.0,1.0,2.0,2.6,2.4,
84.0,0.0,3.0,2.6,2.6,
85.0,2.0,5.0,2.6,3.0,
86.0,2.0,9.0,2.6,2.7,
87.0,1.0,5.0,2.6,3.3,
88.0,1.0,2.0,2.6,4.0,
89.0,2.0,8.0,2.6,2.3,
90.0,2.0,8.0,2.6,1.6,
91.0,0.0,5.0,2.6,2.5,
92.0,1.0,4.0,2.6,3.5,
93.0,2.0,8.0,2.6,2.1,
94.0,1.0,6.0,2.6,3.4,
95.0,1.0,8.0,2.6,3.9,
96.0,2.0,7.0,2.6,2.9,
97.0,1.0,5.0,2.6,3.2,
98.0,1.0,7.0,2.6,2.8,
99.0,2.0,11.0,2.6,3.9,
100.0,0.0,5.0,2.6,2.6,
101.0,1.0,5.0,2.6,2.8,
102.0,2.0,13.0,2.6,2.2,
103.0,1.0,6.0,2.6,3.4,
104.0,2.0,5.0,2.6,3.5,
105.0,0.0,6.0,2.6,0.7,
106.0,2.0,7.0,2.6,2.9,
107.0,2.0,2.0,2.6,2.9,
108.0,1.0,4.0,2.6,2.9,
109.0,0.0,2.0,2.6,2.5,
110.0,2.0,5.0,2.6,2.2,
111.0,2.0,6.0,2.6,2.6,
112.0,0.0,4.0,2.6,3.7,
113.0,2.0,8.0,2.6,2.1,
114.0,1.0,3.0,2.6,3.9,
115.0,2.0,11.0,2.6,1.8,
116.0,1.0,6.0,2.6,2.2,
117.0,2.0,6.0,2.6,2.4,
118.0,2.0,5.0,2.6,3.1,
119.0,2.0,11.0,2.6,3.3,
120.0,0.0,4.0,2.6,1.7,
121.0,0.0,3.0,2.6,1.4,
122.0,0.0,1.0,2.6,3.2,
123.0,1.0,4.0,2.6,2.7,
124.0,0.0,4.0,2.6,3.6,
125.0,1.0,4.0,2.6,1.3,
126.0,1.0,1.0,2.6,1.9,
127.0,0.0,4.0,2.6,3.2,
128.0,0.0,1.0,2.6,2.3,
129.0,2.0,9.0,2.6,2.3,
130.0,2.0,14.0,2.6,2.9,
131.0,2.0,6.0,2.6,3.7,
132.0,1.0,3.0,2.6,3.2,
133.0,0.0,1.0,2.6,2.3,
134.0,2.0,12.0,2.6,4.5,
135.0,1.0,8.0,2.6,3.1,
136.0,1.0,8.0,2.6,3.4,
137.0,2.0,1.0,5.6,2.9,
138.0,0.0,6.0,5.6,3.2,
139.0,0.0,3.0,5.6,2.4,
140.0,0.0,5.0,5.6,1.7,
141.0,2.0,3.0,5.6,2.2,
142.0,1.0,6.0,5.6,2.4,
143.0,2.0,4.0,5.6,0.9,
144.0,2.0,14.0,5.6,2.1,
145.0,2.0,8.0,5.6,1.4,
146.0,0.0,4.0,5.6,1.3,
147.0,2.0,7.0,5.6,2.1,
148.0,1.0,7.0,5.6,2.4,
149.0,1.0,4.0,5.6,3.0,
150.0,1.0,4.0,5.6,2.9,
151.0,0.0,3.0,5.6,1.4,
152.0,2.0,13.0,5.6,0.8,
153.0,1.0,4.0,5.6,2.4,
154.0,0.0,3.0,5.6,1.4,
155.0,2.0,10.0,5.6,0.6,
156.0,0.0,3.0,5.6,1.1,
157.0,0.0,3.0,5.6,4.0,
158.0,2.0,10.0,5.6,3.4,
159.0,2.0,3.0,5.6,2.7,
160.0,1.0,6.0,5.6,2.3,
161.0,0.0,4.0,5.6,1.5,
162.0,0.0,5.0,5.6,2.5,
163.0,0.0,1.0,5.6,1.9,
164.0,1.0,6.0,5.6,1.9,
165.0,2.0,11.0,5.6,2.3,
166.0,2.0,14.0,5.6,1.6,
167.0,1.0,6.0,5.6,1.5,
168.0,2.0,3.0,5.6,3.1,
169.0,2.0,5.0,5.6,2.4,
170.0,1.0,4.0,5.6,3.6,
171.0,2.0,9.0,5.6,0.5,
172.0,2.0,3.0,5.6,4.1,
173.0,1.0,5.0,5.6,1.7,
174.0,2.0,4.0,5.6,1.7,
175.0,0.0,3.0,5.6,3.1,
176.0,0.0,5.0,5.6,2.0,
177.0,0.0,4.0,5.6,1.4,
178.0,0.0,1.0,5.6,3.0,
179.0,1.0,3.0,5.6,1.7,
180.0,1.0,3.0,5.6,2.3,
181.0,2.0,8.0,5.6,3.8,
182.0,1.0,2.0,5.6,2.9,
183.0,1.0,6.0,5.6,3.5,
184.0,2.0,3.0,5.6,3.4,
185.0,2.0,12.0,5.6,1.6,
186.0,0.0,2.0,5.6,2.2,
187.0,1.0,1.0,5.6,2.3,
188.0,1.0,6.0,5.6,2.6,
189.0,1.0,7.0,5.6,3.2,
190.0,1.0,4.0,5.6,1.7,
191.0,2.0,7.0,5.6,4.2,
192.0,1.0,2.0,5.6,2.2,
193.0,2.0,2.0,5.6,1.8,
194.0,0.0,4.0,5.6,1.9,
195.0,0.0,4.0,5.6,2.5,
196.0,0.0,5.0,5.6,3.0,
197.0,1.0,8.0,5.6,2.8,
198.0,0.0,3.0,8.8,3.5,
199.0,1.0,2.0,8.8,2.8,
200.0,1.0,6.0,8.8,1.1,
201.0,2.0,8.0,8.8,3.2,
202.0,1.0,7.0,8.8,3.9,
203.0,1.0,4.0,8.8,2.7,
204.0,1.0,8.0,8.8,3.1,
205.0,0.0,4.0,8.8,1.1,
206.0,2.0,3.0,8.8,2.8,
207.0,1.0,6.0,8.8,3.4,
208.0,2.0,12.0,8.8,1.7,
209.0,1.0,5.0,8.8,3.6,
210.0,1.0,6.0,8.8,2.1,
211.0,2.0,8.0,8.8,1.9,
212.0,2.0,4.0,8.8,2.7,
213.0,1.0,7.0,8.8,2.8,
214.0,0.0,4.0,8.8,2.2,
215.0,2.0,6.0,8.8,2.0,
216.0,2.0,10.0,8.8,1.8,
217.0,1.0,7.0,8.8,1.8,
218.0,0.0,3.0,8.8,2.7,
219.0,1.0,6.0,8.8,1.6,
220.0,0.0,3.0,8.8,2.4,
221.0,2.0,10.0,8.8,3.9,
222.0,1.0,5.0,8.8,3.7,
223.0,0.0,5.0,8.8,2.3,
224.0,2.0,6.0,8.8,2.9,
225.0,2.0,9.0,8.8,1.9,
226.0,2.0,9.0,8.8,2.4,
227.0,0.0,4.0,8.8,2.0,
228.0,2.0,11.0,8.8,3.1,
229.0,0.0,4.0,8.8,1.6,
230.0,1.0,4.0,8.8,3.9,
231.0,0.0,3.0,8.8,2.1,
232.0,0.0,4.0,8.8,3.7,
233.0,1.0,8.0,8.8,2.7,
234.0,0.0,2.0,8.8,2.6,
235.0,1.0,6.0,8.8,0.8,
236.0,1.0,7.0,8.8,3.2,
237.0,1.0,5.0,8.8,2.8,
238.0,0.0,2.0,8.8,0.8,
239.0,1.0,6.0,8.8,2.7,
240.0,2.0,10.0,8.8,4.1,
241.0,2.0,7.0,8.8,3.2,
242.0,0.0,2.0,8.8,2.7,
243.0,2.0,5.0,8.8,2.4,
244.0,1.0,7.0,8.8,2.6,
245.0,0.0,4.0,8.8,2.8,
246.0,2.0,3.0,8.8,3.5,
247.0,0.0,3.0,8.8,1.6,
248.0,2.0,10.0,8.8,2.2,
249.0,1.0,7.0,8.8,3.2,
250.0,0.0,6.0,8.8,2.4,
251.0,1.0,6.0,8.8,2.1,
252.0,2.0,10.0,8.8,2.2,
253.0,0.0,1.0,8.8,4.0,
254.0,2.0,5.0,8.8,1.9,
255.0,0.0,4.0,8.8,2.7,
256.0,0.0,4.0,8.8,0.8,
257.0,0.0,2.0,8.8,3.4,
258.0,1.0,5.0,8.8,1.9,
259.0,1.0,6.0,8.8,3.0,
260.0,2.0,9.0,8.8,1.6,
261.0,1.0,2.0,8.8,1.2,
262.0,0.0,4.0,8.8,3.6,
263.0,0.0,3.0,8.8,4.0,
264.0,2.0,10.0,8.8,3.6,
265.0,0.0,4.0,8.8,1.0,
266.0,2.0,12.0,8.8,1.2,
267.0,0.0,2.0,8.8,2.3,
268.0,1.0,7.0,8.8,2.2,
269.0,2.0,9.0,8.8,1.2,
270.0,2.0,7.0,8.8,3.5,
271.0,0.0,1.0,12.7,1.6,
272.0,2.0,7.0,12.7,3.4,
273.0,0.0,5.0,12.7,1.6,
274.0,1.0,3.0,12.7,1.8,
275.0,2.0,9.0,12.7,1.0,
276.0,1.0,7.0,12.7,3.6,
277.0,2.0,11.0,12.7,1.4,
278.0,0.0,3.0,12.7,2.1,
279.0,0.0,3.0,12.7,2.7,
280.0,1.0,3.0,12.7,2.2,
281.0,2.0,7.0,12.7,2.3,
282.0,1.0,6.0,12.7,3.7,
283.0,0.0,2.0,12.7,2.7,
284.0,1.0,2.0,12.7,3.2,
285.0,1.0,2.0,12.7,4.7,
286.0,2.0,9.0,12.7,1.9,
287.0,1.0,2.0,12.7,1.9,
288.0,2.0,5.0,12.7,2.2,
289.0,1.0,3.0,12.7,2.5,
290.0,1.0,5.0,12.7,2.6,
291.0,2.0,12.0,12.7,2.6,
292.0,0.0,4.0,12.7,2.6,
293.0,1.0,8.0,12.7,2.8,
294.0,1.0,2.0,12.7,1.8,
295.0,1.0,3.0,12.7,2.0,
296.0,2.0,11.0,12.7,2.6,
297.0,1.0,3.0,12.7,2.9,
298.0,0.0,2.0,12.7,1.6,
299.0,1.0,3.0,12.7,2.0,
300.0,2.0,9.0,12.7,3.3,
301.0,2.0,7.0,12.7,1.7,
302.0,1.0,6.0,12.7,3.2,
303.0,2.0,3.0,12.7,0.8,
304.0,2.0,8.0,12.7,1.1,
305.0,2.0,4.0,12.7,2.7,
306.0,2.0,4.0,12.7,3.2,
307.0,0.0,4.0,12.7,2.3,
308.0,0.0,5.0,12.7,3.2,
309.0,0.0,2.0,12.7,2.8,
310.0,2.0,5.0,12.7,2.9,
311.0,1.0,5.0,12.7,2.6,
312.0,1.0,4.0,12.7,2.0,
313.0,1.0,4.0,12.7,3.5,
314.0,0.0,4.0,12.7,3.2,
315.0,1.0,4.0,12.7,3.2,
316.0,0.0,5.0,12.7,3.9,
317.0,1.0,6.0,12.7,1.0,
318.0,2.0,11.0,12.7,0.6,
319.0,1.0,4.0,12.7,2.3,
320.0,1.0,6.0,12.7,1.5,
321.0,0.0,4.0,12.7,3.7,
322.0,1.0,8.0,12.7,1.9,
323.0,0.0,4.0,12.7,2.3,
324.0,0.0,3.0,12.7,2.0,
325.0,1.0,3.0,12.7,3.7,
326.0,1.0,2.0,12.7,2.1,
327.0,0.0,5.0,12.7,1.4,
328.0,1.0,3.0,12.7,2.6,
329.0,1.0,2.0,12.7,3.0,
330.0,1.0,4.0,12.7,1.5,
331.0,0.0,4.0,12.7,1.7,
332.0,2.0,9.0,12.7,3.3,
333.0,0.0,3.0,15.7,2.3,
334.0,0.0,5.0,15.7,3.0,
335.0,2.0,5.0,15.7,2.8,
336.0,2.0,7.0,15.7,0.9,
337.0,2.0,8.0,15.7,1.7,
338.0,0.0,3.0,15.7,3.3,
339.0,0.0,4.0,15.7,1.4,
340.0,2.0,11.0,15.7,1.1,
341.0,0.0,5.0,15.7,1.9,
342.0,2.0,7.0,15.7,1.5,
343.0,1.0,9.0,15.7,3.9,
344.0,2.0,4.0,15.7,2.6,
345.0,2.0,13.0,15.7,1.0,
346.0,0.0,4.0,15.7,2.6,
347.0,1.0,3.0,15.7,1.4,
348.0,0.0,1.0,15.7,2.6,
349.0,2.0,10.0,15.7,1.5,
350.0,2.0,10.0,15.7,3.4,
351.0,0.0,4.0,15.7,3.6,
352.0,0.0,1.0,15.7,1.8,
353.0,2.0,13.0,15.7,1.4,
354.0,1.0,9.0,15.7,3.0,
355.0,0.0,2.0,15.7,2.2,
356.0,2.0,7.0,15.7,2.8,
357.0,1.0,4.0,15.7,2.5,
358.0,0.0,4.0,15.7,1.9,
359.0,1.0,3.0,15.7,2.6,
360.0,2.0,8.0,15.7,3.3,
361.0,2.0,7.0,15.7,1.0,
362.0,0.0,4.0,15.7,1.1,
363.0,1.0,2.0,15.7,3.8,
364.0,2.0,6.0,15.7,1.2,
365.0,1.0,5.0,15.7,2.2,
366.0,2.0,5.0,15.7,3.2,
367.0,2.0,10.0,15.7,2.7,
368.0,0.0,2.0,15.7,2.8,
369.0,0.0,2.0,15.7,2.8,
370.0,1.0,2.0,15.7,3.8,
371.0,1.0,7.0,15.7,1.7,
372.0,2.0,8.0,15.7,1.6,
373.0,1.0,1.0,15.7,3.2,
374.0,0.0,3.0,15.7,1.8,
375.0,0.0,3.0,15.7,1.9,
376.0,1.0,3.0,15.7,3.1,
377.0,0.0,1.0,15.7,1.5,
378.0,2.0,8.0,15.7,3.2,
379.0,0.0,3.0,15.7,3.9,
380.0,2.0,8.0,15.7,3.0,
381.0,2.0,6.0,15.7,2.0,
382.0,2.0,8.0,15.7,2.0,
383.0,2.0,7.0,15.7,1.3,
384.0,2.0,10.0,15.7,4.1,
385.0,1.0,6.0,15.7,1.8,
386.0,2.0,11.0,15.7,2.7,
387.0,1.0,4.0,15.7,2.7,
388.0,2.0,8.0,15.7,3.2,
389.0,2.0,15.0,15.7,3.9,
390.0,2.0,11.0,15.7,2.8,
391.0,2.0,1.0,15.7,4.0,
392.0,0.0,3.0,15.7,3.2,
393.0,2.0,7.0,15.7,1.5,
394.0,1.0,8.0,15.7,3.3,
395.0,0.0,5.0,15.7,2.5,
396.0,0.0,4.0,15.7,3.4,
397.0,1.0,6.0,15.7,2.6,
398.0,1.0,7.0,15.7,1.7,
399.0,1.0,5.0,15.7,1.2,
400.0,1.0,7.0,15.7,2.7,
401.0,2.0,6.0,15.7,1.0,
402.0,1.0,4.0,15.7,2.2,
403.0,1.0,7.0,15.7,2.3,
404.0,2.0,5.0,15.7,3.4,
405.0,1.0,2.0,15.7,1.4,
406.0,2.0,3.0,15.7,2.5,
407.0,1.0,5.0,15.7,1.1,
408.0,1.0,7.0,15.7,3.3,
409.0,0.0,2.0,15.7,2.7,
410.0,1.0,4.0,15.7,1.7,
411.0,1.0,6.0,15.7,1.8,
412.0,0.0,5.0,19.9,0.8,
413.0,2.0,5.0,19.9,3.0,
414.0,2.0,5.0,19.9,2.8,
415.0,0.0,2.0,19.9,2.6,
416.0,0.0,1.0,19.9,2.7,
417.0,1.0,9.0,19.9,2.7,
418.0,1.0,7.0,19.9,3.4,
419.0,0.0,6.0,19.9,2.0,
420.0,0.0,4.0,19.9,2.4,
421.0,1.0,6.0,19.9,2.4,
422.0,2.0,8.0,19.9,2.6,
423.0,2.0,8.0,19.9,4.0,
424.0,1.0,7.0,19.9,1.5,
425.0,0.0,3.0,19.9,2.2,
426.0,0.0,3.0,19.9,0.6,
427.0,0.0,3.0,19.9,2.1,
428.0,1.0,6.0,19.9,1.6,
429.0,0.0,3.0,19.9,0.8,
430.0,2.0,5.0,19.9,3.6,
431.0,2.0,4.0,19.9,2.0,
432.0,2.0,4.0,19.9,2.1,
433.0,2.0,5.0,19.9,1.9,
434.0,1.0,6.0,19.9,2.0,
435.0,2.0,11.0,19.9,2.3,
436.0,2.0,4.0,19.9,2.1,
437.0,0.0,1.0,19.9,2.6,
438.0,1.0,5.0,19.9,3.2,
439.0,1.0,3.0,19.9,3.0,
440.0,1.0,8.0,19.9,1.7,
441.0,2.0,7.0,19.9,0.5,
442.0,2.0,10.0,19.9,2.1,
443.0,0.0,4.0,19.9,2.4,
444.0,1.0,4.0,19.9,2.3,
445.0,1.0,9.0,19.9,1.0,
446.0,2.0,3.0,19.9,3.8,
447.0,2.0,5.0,19.9,4.7,
448.0,0.0,2.0,19.9,1.4,
449.0,1.0,5.0,19.9,3.1,
450.0,2.0,4.0,19.9,1.6,
451.0,0.0,5.0,19.9,0.9,
452.0,1.0,8.0,19.9,0.7,
453.0,2.0,6.0,19.9,2.2,
454.0,1.0,6.0,19.9,1.6,
455.0,0.0,5.0,19.9,2.8,
456.0,0.0,1.0,19.9,1.6,
457.0,1.0,5.0,19.9,2.6,
458.0,0.0,4.0,19.9,1.8,
459.0,2.0,9.0,19.9,2.2,
460.0,1.0,7.0,19.9,3.1,
461.0,0.0,4.0,19.9,3.8,
462.0,0.0,2.0,19.9,1.3,
463.0,2.0,2.0,19.9,2.5,
464.0,2.0,15.0,19.9,3.1,
465.0,2.0,11.0,19.9,1.9,
466.0,2.0,6.0,19.9,1.8,
467.0,2.0,10.0,19.9,4.1,
468.0,0.0,3.0,19.9,1.5,
469.0,0.0,2.0,19.9,4.2,
470.0,0.0,4.0,19.9,2.8,
471.0,1.0,5.0,19.9,3.7,
472.0,1.0,3.0,19.9,1.1,
473.0,0.0,3.0,19.9,0.5,
474.0,2.0,10.0,19.9,2.3,
475.0,2.0,8.0,19.9,1.6,
476.0,0.0,3.0,19.9,3.9,
477.0,0.0,4.0,19.9,3.2,
478.0,0.0,5.0,19.9,2.2,
479.0,2.0,10.0,19.9,2.4,
480.0,1.0,5.0,19.9,3.0,
481.0,1.0,6.0,19.9,3.5,
482.0,2.0,12.0,19.9,2.8,
483.0,1.0,2.0,19.9,3.6,
484.0,0.0,4.0,19.9,4.0,
485.0,1.0,8.0,19.9,0.6,
486.0,1.0,9.0,19.9,1.4,
487.0,1.0,3.0,19.9,3.3,
488.0,0.0,2.0,19.9,3.7,
489.0,1.0,5.0,19.9,1.4,
490.0,2.0,3.0,19.9,1.3,
491.0,0.0,6.0,19.9,0.9,
492.0,2.0,5.0,19.9,2.7,
493.0,1.0,4.0,19.9,3.3,
494.0,1.0,4.0,23.7,2.8,
495.0,0.0,6.0,23.7,4.5,
496.0,2.0,3.0,23.7,2.3,
497.0,0.0,1.0,23.7,3.1,
498.0,2.0,10.0,23.7,2.1,
499.0,2.0,9.0,23.7,2.4,
500.0,1.0,5.0,23.7,3.6,
501.0,1.0,4.0,23.7,0.7,
502.0,1.0,9.0,23.7,2.4,
503.0,2.0,6.0,23.7,2.3,
504.0,1.0,9.0,23.7,2.8,
505.0,0.0,4.0,23.7,2.3,
506.0,0.0,3.0,23.7,2.5,
507.0,0.0,3.0,23.7,2.6,
508.0,1.0,2.0,23.7,3.6,
509.0,1.0,8.0,23.7,3.1,
510.0,1.0,1.0,23.7,3.5,
511.0,2.0,10.0,23.7,2.5,
512.0,0.0,3.0,23.7,2.4,
513.0,1.0,6.0,23.7,1.8,
514.0,0.0,2.0,23.7,1.5,
515.0,1.0,7.0,23.7,2.6,
516.0,1.0,5.0,23.7,3.0,
517.0,2.0,8.0,23.7,2.6,
518.0,1.0,2.0,23.7,0.9,
519.0,1.0,1.0,23.7,1.3,
520.0,1.0,8.0,23.7,2.9,
521.0,0.0,4.0,23.7,0.5,
522.0,0.0,3.0,23.7,2.7,
523.0,2.0,7.0,23.7,2.5,
524.0,0.0,4.0,23.7,1.1,
525.0,0.0,2.0,23.7,0.8,
526.0,0.0,5.0,23.7,3.5,
527.0,0.0,4.0,23.7,1.1,
528.0,0.0,4.0,23.7,2.3,
529.0,2.0,4.0,23.7,3.7,
530.0,0.0,2.0,23.7,3.8,
531.0,1.0,4.0,23.7,2.1,
532.0,1.0,5.0,23.7,2.3,
533.0,1.0,5.0,23.7,2.7,
534.0,0.0,3.0,23.7,3.5,
535.0,0.0,5.0,23.7,1.5,
536.0,0.0,3.0,23.7,2.8,
537.0,0.0,3.0,23.7,2.5,
538.0,1.0,8.0,23.7,2.3,
539.0,1.0,7.0,23.7,1.5,
540.0,2.0,11.0,23.7,2.9,
541.0,2.0,10.0,23.7,1.9,
542.0,2.0,12.0,23.7,1.9,
543.0,2.0,3.0,23.7,1.0,
544.0,0.0,3.0,23.7,1.0,
545.0,0.0,3.0,23.7,1.4,
546.0,1.0,3.0,23.7,0.8,
547.0,0.0,4.0,23.7,0.9,
548.0,0.0,3.0,23.7,2.1,
549.0,2.0,12.0,23.7,1.6,
550.0,1.0,2.0,23.7,1.3,
551.0,0.0,4.0,23.7,2.8,
552.0,1.0,3.0,23.7,3.0,
553.0,0.0,3.0,23.7,3.4,
554.0,2.0,10.0,23.7,1.7,
555.0,1.0,5.0,23.7,1.5,
556.0,2.0,6.0,23.7,2.7,
557.0,0.0,3.0,23.7,2.3,
558.0,1.0,4.0,23.7,2.1,
559.0,0.0,6.0,23.7,3.7,
560.0,1.0,4.0,23.7,2.5,
561.0,1.0,7.0,23.7,1.7,
562.0,1.0,2.0,23.7,2.1,
563.0,2.0,4.0,23.7,1.4,
564.0,2.0,13.0,23.7,2.1,
565.0,2.0,14.0,23.7,3.8,
566.0,2.0,8.0,23.7,3.2,
567.0,1.0,6.0,23.7,3.0,
568.0,1.0,7.0,23.7,2.4,
569.0,2.0,10.0,23.7,3.6,
570.0,0.0,3.0,23.7,2.2,
571.0,1.0,4.0,23.7,1.8,
572.0,0.0,2.0,23.7,2.4,
573.0,1.0,4.0,23.7,1.6,
574.0,2.0,11.0,23.7,1.3,
575.0,2.0,3.0,23.7,2.0,
576.0,1.0,7.0,23.7,1.2,
577.0,0.0,4.0,23.7,2.8,
578.0,0.0,4.0,23.7,2.3,
579.0,2.0,7.0,25.6,1.5,
580.0,2.0,3.0,25.6,1.3,
581.0,0.0,4.0,25.6,3.6,
582.0,1.0,6.0,25.6,2.7,
583.0,2.0,8.0,25.6,3.6,
584.0,0.0,3.0,25.6,2.7,
585.0,1.0,2.0,25.6,2.1,
586.0,1.0,4.0,25.6,2.0,
587.0,0.0,3.0,25.6,2.7,
588.0,2.0,8.0,25.6,2.3,
589.0,2.0,3.0,25.6,2.3,
590.0,2.0,9.0,25.6,2.3,
591.0,0.0,4.0,25.6,3.1,
592.0,1.0,4.0,25.6,2.2,
593.0,0.0,1.0,25.6,3.3,
594.0,1.0,5.0,25.6,1.4,
595.0,1.0,7.0,25.6,1.8,
596.0,2.0,7.0,25.6,1.9,
597.0,0.0,2.0,25.6,3.3,
598.0,2.0,9.0,25.6,1.9,
599.0,2.0,11.0,25.6,3.1,
600.0,0.0,5.0,25.6,2.5,
601.0,1.0,5.0,25.6,3.5,
602.0,1.0,1.0,25.6,3.2,
603.0,0.0,3.0,25.6,1.7,
604.0,0.0,3.0,25.6,2.0,
605.0,2.0,10.0,25.6,3.9,
606.0,0.0,6.0,25.6,3.3,
607.0,2.0,3.0,25.6,2.9,
608.0,0.0,3.0,25.6,1.8,
609.0,2.0,10.0,25.6,2.8,
610.0,2.0,4.0,25.6,1.0,
611.0,0.0,4.0,25.6,2.1,
612.0,0.0,4.0,25.6,1.7,
613.0,0.0,5.0,25.6,1.7,
614.0,1.0,4.0,25.6,0.9,
615.0,1.0,5.0,25.6,1.4,
616.0,1.0,6.0,25.6,2.7,
617.0,2.0,11.0,25.6,3.1,
618.0,0.0,5.0,25.6,3.2,
619.0,1.0,5.0,25.6,2.0,
620.0,1.0,3.0,25.6,2.4,
621.0,1.0,1.0,25.6,2.8,
622.0,1.0,7.0,25.6,2.7,
623.0,0.0,3.0,25.6,3.1,
624.0,1.0,4.0,25.6,2.8,
625.0,1.0,1.0,25.6,2.0,
626.0,1.0,4.0,25.6,1.5,
627.0,1.0,2.0,25.6,2.1,
628.0,2.0,7.0,25.6,3.0,
629.0,1.0,1.0,25.6,4.0,
630.0,2.0,10.0,25.6,3.1,
631.0,1.0,5.0,25.6,2.7,
632.0,0.0,6.0,25.6,4.2,
633.0,2.0,10.0,25.6,2.4,
634.0,1.0,4.0,25.6,2.3,
635.0,1.0,3.0,25.6,3.2,
636.0,2.0,12.0,25.6,2.4,
637.0,2.0,6.0,25.6,2.0,
638.0,2.0,4.0,25.6,2.1,
639.0,0.0,1.0,25.6,1.8,
640.0,0.0,4.0,25.6,2.0,
641.0,0.0,4.0,25.6,1.1,
642.0,0.0,1.0,25.6,3.7,
643.0,0.0,5.0,25.6,2.8,
644.0,2.0,13.0,25.6,1.3,
645.0,0.0,4.0,25.6,3.1,
646.0,0.0,4.0,25.6,3.5,
647.0,0.0,4.0,25.6,2.6,
648.0,1.0,6.0,25.6,3.4,
649.0,0.0,6.0,25.6,2.9,
650.0,1.0,5.0,25.6,3.7,
651.0,1.0,4.0,25.6,3.5,
652.0,0.0,2.0,25.6,4.0,
653.0,0.0,5.0,25.6,3.1,
654.0,0.0,3.0,25.6,0.8,
655.0,1.0,5.0,25.6,1.5,
656.0,2.0,11.0,25.6,3.2,
657.0,1.0,6.0,25.6,3.0,
658.0,2.0,13.0,25.6,0.8,
659.0,1.0,5.0,27.1,1.4,
660.0,1.0,9.0,27.1,2.5,
661.0,0.0,4.0,27.1,2.0,
662.0,0.0,3.0,27.1,2.1,
663.0,0.0,5.0,27.1,4.2,
664.0,2.0,3.0,27.1,1.4,
665.0,1.0,4.0,27.1,1.4,
666.0,0.0,3.0,27.1,2.2,
667.0,1.0,4.0,27.1,2.2,
668.0,2.0,14.0,27.1,3.5,
669.0,2.0,9.0,27.1,2.2,
670.0,2.0,7.0,27.1,2.5,
671.0,2.0,7.0,27.1,2.9,
672.0,0.0,3.0,27.1,1.2,
673.0,2.0,13.0,27.1,3.2,
674.0,2.0,9.0,27.1,3.5,
675.0,2.0,12.0,27.1,1.7,
676.0,1.0,4.0,27.1,2.9,
677.0,2.0,10.0,27.1,2.2,
678.0,2.0,10.0,27.1,1.7,
679.0,2.0,4.0,27.1,3.4,
680.0,0.0,1.0,27.1,1.6,
681.0,1.0,3.0,27.1,2.3,
682.0,0.0,3.0,27.1,3.0,
683.0,0.0,2.0,27.1,3.8,
684.0,1.0,6.0,27.1,1.9,
685.0,1.0,4.0,27.1,1.4,
686.0,2.0,7.0,27.1,2.9,
687.0,2.0,6.0,27.1,3.3,
688.0,1.0,6.0,27.1,4.5,
689.0,2.0,6.0,27.1,3.2,
690.0,2.0,10.0,27.1,3.8,
691.0,0.0,3.0,27.1,2.1,
692.0,2.0,12.0,27.1,2.9,
693.0,2.0,8.0,27.1,1.0,
694.0,2.0,9.0,27.1,2.3,
695.0,2.0,15.0,27.1,4.0,
696.0,0.0,2.0,27.1,2.6,
697.0,2.0,14.0,27.1,1.7,
698.0,1.0,4.0,27.1,4.1,
699.0,2.0,7.0,27.1,3.0,
700.0,2.0,8.0,27.1,2.4,
701.0,2.0,8.0,27.1,4.3,
702.0,1.0,5.0,27.1,1.6,
703.0,2.0,13.0,27.1,3.1,
704.0,1.0,2.0,27.1,2.6,
705.0,0.0,5.0,27.1,2.9,
706.0,0.0,5.0,27.1,3.1,
707.0,2.0,6.0,27.1,1.6,
708.0,2.0,11.0,27.1,0.7,
709.0,0.0,2.0,27.1,1.5,
710.0,1.0,3.0,27.1,3.4,
711.0,2.0,10.0,27.1,3.8,
712.0,0.0,2.0,27.1,2.9,
713.0,2.0,7.0,27.1,2.7,
714.0,1.0,1.0,27.1,3.3,
715.0,1.0,6.0,27.1,1.8,
716.0,2.0,6.0,27.1,2.5,
717.0,1.0,8.0,27.1,4.1,
718.0,2.0,4.0,27.1,2.4,
719.0,2.0,6.0,27.1,1.9,
720.0,2.0,8.0,27.1,3.4,
721.0,1.0,6.0,27.1,3.8,
722.0,1.0,4.0,27.1,1.6,
723.0,2.0,10.0,27.1,2.9,
724.0,0.0,3.0,27.1,1.2,
725.0,0.0,6.0,27.1,2.2,
726.0,0.0,3.0,27.1,2.5,
727.0,2.0,10.0,27.1,2.7,
728.0,1.0,5.0,27.1,1.7,
729.0,1.0,5.0,27.1,3.6,
730.0,2.0,9.0,27.1,2.3,
731.0,1.0,7.0,27.1,1.5,
732.0,2.0,12.0,27.1,1.2,
733.0,0.0,4.0,27.1,1.8,
734.0,0.0,6.0,27.1,0.3,
735.0,0.0,3.0,27.1,1.4,
736.0,1.0,5.0,27.1,2.9,
737.0,1.0,8.0,27.1,3.0,
738.0,0.0,2.0,27.1,3.6,
739.0,0.0,2.0,27.1,3.5,
740.0,1.0,3.0,27.1,2.0,
741.0,2.0,9.0,27.1,3.7,
742.0,1.0,5.0,27.1,3.1,
743.0,2.0,11.0,27.1,1.7,
744.0,0.0,2.0,27.1,1.2,
745.0,0.0,4.0,27.1,4.1,
746.0,0.0,6.0,27.1,1.5,
747.0,2.0,5.0,31.1,4.1,
748.0,2.0,8.0,31.1,4.0,
749.0,2.0,9.0,31.1,1.9,
750.0,2.0,7.0,31.1,0.8,
751.0,2.0,11.0,31.1,3.0,
752.0,1.0,7.0,31.1,2.8,
753.0,2.0,10.0,31.1,2.6,
754.0,1.0,5.0,31.1,3.8,
755.0,2.0,7.0,31.1,2.8,
756.0,2.0,4.0,31.1,2.5,
757.0,2.0,8.0,31.1,4.2,
758.0,1.0,7.0,31.1,2.9,
759.0,1.0,5.0,31.1,3.5,
760.0,0.0,1.0,31.1,2.2,
761.0,2.0,9.0,31.1,1.8,
762.0,0.0,4.0,31.1,2.9,
763.0,0.0,6.0,31.1,1.3,
764.0,0.0,3.0,31.1,2.7,
765.0,1.0,6.0,31.1,2.1,
766.0,0.0,5.0,31.1,2.9,
767.0,0.0,2.0,31.1,3.4,
768.0,1.0,9.0,31.1,3.1,
769.0,1.0,3.0,31.1,2.7,
770.0,1.0,3.0,31.1,2.2,
771.0,0.0,1.0,31.1,2.3,
772.0,2.0,9.0,31.1,3.5,
773.0,1.0,6.0,31.1,4.0,
774.0,2.0,6.0,31.1,3.5,
775.0,2.0,2.0,31.1,2.0,
776.0,1.0,9.0,31.1,3.9,
777.0,2.0,3.0,31.1,2.2,
778.0,1.0,8.0,31.1,1.0,
779.0,1.0,4.0,31.1,1.5,
780.0,1.0,8.0,31.1,4.0,
781.0,2.0,10.0,31.1,3.1,
782.0,2.0,5.0,31.1,1.9,
783.0,0.0,3.0,31.1,2.8,
784.0,0.0,4.0,31.1,1.0,
785.0,2.0,7.0,31.1,2.8,
786.0,2.0,8.0,31.1,2.1,
787.0,1.0,5.0,31.1,2.0,
788.0,1.0,3.0,31.1,2.7,
789.0,0.0,2.0,31.1,2.0,
790.0,1.0,7.0,31.1,2.5,
791.0,1.0,1.0,31.1,1.6,
792.0,0.0,3.0,31.1,1.5,
793.0,0.0,1.0,31.1,2.2,
794.0,1.0,4.0,31.1,4.0,
795.0,0.0,5.0,31.1,2.3,
796.0,1.0,5.0,31.1,2.2,
797.0,2.0,11.0,31.1,2.8,
798.0,2.0,5.0,31.1,3.7,
799.0,0.0,5.0,31.1,3.5,
800.0,1.0,7.0,31.1,1.7,
801.0,1.0,7.0,31.1,4.2,
802.0,0.0,5.0,31.1,3.0,
803.0,2.0,11.0,31.1,3.0,
804.0,1.0,7.0,31.1,2.8,
805.0,1.0,4.0,31.1,1.7,
806.0,2.0,12.0,31.1,3.7,
807.0,2.0,5.0,31.1,4.0,
808.0,0.0,5.0,31.1,2.4,
809.0,0.0,4.0,31.1,2.3,
810.0,2.0,7.0,31.1,3.8,
811.0,2.0,5.0,31.1,2.0,
812.0,2.0,8.0,31.1,2.5,
813.0,2.0,13.0,31.1,3.7,
814.0,0.0,1.0,31.1,1.8,
815.0,2.0,6.0,31.1,4.4,
816.0,0.0,2.0,31.1,2.7,
817.0,0.0,5.0,31.1,2.6,
818.0,1.0,4.0,31.1,3.8,
819.0,0.0,4.0,31.1,4.2,
820.0,0.0,3.0,31.1,2.3,
821.0,1.0,6.0,31.1,2.6,
822.0,2.0,8.0,31.1,3.3,
823.0,0.0,3.0,31.1,1.2,
824.0,1.0,3.0,31.1,2.9,
825.0,2.0,7.0,31.1,1.5,
826.0,2.0,4.0,31.1,2.0,
827.0,2.0,8.0,31.1,2.5,
828.0,1.0,4.0,31.1,2.5,
829.0,0.0,2.0,31.1,2.3,
830.0,2.0,9.0,35.2,2.1,
831.0,0.0,2.0,35.2,1.8,
832.0,1.0,6.0,35.2,1.6,
833.0,2.0,10.0,35.2,4.0,
834.0,1.0,4.0,35.2,2.2,
835.0,2.0,1.0,35.2,2.9,
836.0,0.0,3.0,35.2,1.6,
837.0,2.0,3.0,35.2,1.2,
838.0,1.0,8.0,35.2,3.4,
839.0,1.0,2.0,35.2,2.5,
840.0,0.0,3.0,35.2,1.3,
841.0,1.0,6.0,35.2,1.6,
842.0,0.0,3.0,35.2,0.6,
843.0,2.0,8.0,35.2,2.3,
844.0,0.0,3.0,35.2,2.5,
845.0,0.0,2.0,35.2,1.7,
846.0,1.0,4.0,35.2,2.3,
847.0,2.0,12.0,35.2,2.9,
848.0,0.0,5.0,35.2,1.8,
849.0,2.0,9.0,35.2,1.9,
850.0,2.0,4.0,35.2,3.9,
851.0,2.0,5.0,35.2,2.3,
852.0,1.0,4.0,35.2,2.1,
853.0,1.0,4.0,35.2,3.1,
854.0,1.0,7.0,35.2,3.3,
855.0,0.0,5.0,35.2,1.4,
856.0,2.0,7.0,35.2,3.0,
857.0,2.0,7.0,35.2,3.8,
858.0,1.0,4.0,35.2,4.2,
859.0,0.0,3.0,35.2,1.9,
860.0,0.0,3.0,35.2,4.0,
861.0,2.0,5.0,35.2,3.4,
862.0,0.0,3.0,35.2,3.5,
863.0,2.0,7.0,35.2,2.4,
864.0,1.0,5.0,35.2,2.9,
865.0,0.0,3.0,35.2,3.1,
866.0,0.0,3.0,35.2,3.4,
867.0,1.0,4.0,35.2,2.8,
868.0,1.0,3.0,35.2,1.6,
869.0,1.0,4.0,35.2,2.2,
870.0,1.0,5.0,35.2,3.8,
871.0,0.0,5.0,35.2,2.3,
872.0,0.0,3.0,35.2,2.4,
873.0,2.0,3.0,35.2,1.7,
874.0,1.0,3.0,35.2,3.5,
875.0,1.0,5.0,35.2,2.7,
876.0,0.0,5.0,35.2,1.2,
877.0,1.0,4.0,35.2,1.5,
878.0,1.0,6.0,35.2,2.2,
879.0,0.0,3.0,35.2,2.5,
880.0,0.0,4.0,35.2,3.4,
881.0,1.0,8.0,35.2,2.2,
882.0,0.0,4.0,35.2,2.3,
883.0,0.0,4.0,35.2,2.2,
884.0,1.0,3.0,35.2,1.4,
885.0,2.0,12.0,35.2,1.8,
886.0,0.0,6.0,35.2,2.4,
887.0,2.0,11.0,35.2,1.2,
888.0,0.0,4.0,35.2,2.2,
889.0,2.0,14.0,35.2,1.0,
890.0,2.0,11.0,35.2,2.9,
891.0,1.0,3.0,35.2,4.1,
892.0,0.0,4.0,35.2,3.0,
893.0,2.0,7.0,35.2,2.0,
894.0,0.0,2.0,35.2,2.7,
895.0,0.0,3.0,35.2,3.1,
896.0,1.0,7.0,35.2,0.9,
897.0,0.0,4.0,35.2,3.7,
898.0,0.0,5.0,35.2,0.8,
899.0,0.0,4.0,35.2,2.4,
900.0,1.0,3.0,35.2,3.8,
901.0,2.0,12.0,35.2,2.3,
902.0,0.0,6.0,35.2,2.5,
903.0,2.0,7.0,35.2,2.5,
904.0,0.0,4.0,35.2,3.2,
905.0,2.0,4.0,35.2,1.6,
906.0,1.0,5.0,35.2,2.0,
907.0,0.0,3.0,35.2,2.1,
908.0,0.0,1.0,35.2,2.8,
909.0,2.0,5.0,35.2,1.5,
910.0,0.0,6.0,35.2,1.7,
911.0,1.0,6.0,35.2,4.4,
912.0,1.0,3.0,35.2,1.3,
913.0,2.0,11.0,35.2,2.7,
914.0,0.0,3.0,35.2,0.7,
915.0,2.0,3.0,35.2,2.4,
916.0,1.0,9.0,35.2,2.2,
917.0,2.0,7.0,35.2,3.4,
918.0,2.0,9.0,35.2,3.3,
919.0,2.0,1.0,39.0,1.0,
920.0,1.0,6.0,39.0,1.8,
921.0,1.0,8.0,39.0,1.5,
922.0,2.0,6.0,39.0,2.1,
923.0,2.0,11.0,39.0,4.0,
924.0,0.0,5.0,39.0,1.6,
925.0,1.0,6.0,39.0,1.4,
926.0,2.0,9.0,39.0,2.4,
927.0,1.0,5.0,39.0,1.3,
928.0,0.0,4.0,39.0,3.0,
929.0,1.0,5.0,39.0,2.8,
930.0,0.0,2.0,39.0,3.2,
931.0,2.0,10.0,39.0,3.7,
932.0,0.0,3.0,39.0,2.6,
933.0,2.0,5.0,39.0,3.1,
934.0,1.0,9.0,39.0,3.7,
935.0,1.0,8.0,39.0,2.3,
936.0,2.0,7.0,39.0,2.3,
937.0,0.0,5.0,39.0,1.7,
938.0,0.0,6.0,39.0,1.9,
939.0,0.0,1.0,39.0,2.3,
940.0,2.0,10.0,39.0,2.8,
941.0,2.0,4.0,39.0,1.5,
942.0,0.0,3.0,39.0,0.5,
943.0,1.0,5.0,39.0,0.8,
944.0,1.0,7.0,39.0,4.3,
945.0,0.0,3.0,39.0,2.4,
946.0,0.0,1.0,39.0,1.7,
947.0,2.0,13.0,39.0,1.4,
948.0,2.0,1.0,39.0,3.1,
949.0,2.0,8.0,39.0,2.8,
950.0,2.0,12.0,39.0,1.8,
951.0,0.0,4.0,39.0,3.0,
952.0,2.0,11.0,39.0,3.2,
953.0,2.0,1.0,39.0,2.2,
954.0,1.0,2.0,39.0,4.4,
955.0,0.0,6.0,39.0,1.4,
956.0,2.0,11.0,39.0,3.4,
957.0,0.0,4.0,39.0,3.7,
958.0,0.0,1.0,39.0,3.0,
959.0,1.0,3.0,39.0,2.7,
960.0,2.0,4.0,39.0,3.6,
961.0,0.0,2.0,39.0,1.7,
962.0,1.0,8.0,39.0,3.1,
963.0,2.0,10.0,39.0,3.2,
964.0,2.0,8.0,39.0,1.9,
965.0,2.0,4.0,39.0,1.9,
966.0,1.0,6.0,39.0,2.1,
967.0,1.0,5.0,39.0,3.5,
968.0,0.0,3.0,39.0,2.6,
969.0,1.0,8.0,39.0,2.9,
970.0,2.0,3.0,39.0,2.0,
971.0,2.0,8.0,39.0,1.6,
972.0,1.0,8.0,39.0,2.9,
973.0,2.0,14.0,39.0,1.0,
974.0,1.0,2.0,39.0,2.3,
975.0,2.0,9.0,39.0,3.5,
976.0,1.0,6.0,39.0,2.3,
977.0,0.0,5.0,39.0,2.2,
978.0,1.0,6.0,39.0,3.2,
979.0,2.0,13.0,39.0,1.5,
980.0,1.0,7.0,39.0,2.7,
981.0,0.0,4.0,39.0,4.2,
982.0,1.0,8.0,39.0,3.3,
983.0,1.0,6.0,39.0,1.6,
984.0,0.0,6.0,39.0,2.2,
985.0,1.0,3.0,39.0,2.2,
986.0,1.0,4.0,39.0,1.0,
987.0,1.0,7.0,39.0,3.0,
988.0,0.0,5.0,39.0,2.7,
989.0,1.0,2.0,39.0,4.0,
990.0,2.0,11.0,39.0,1.9,
991.0,0.0,5.0,39.0,1.5,
992.0,0.0,5.0,39.0,3.0,
993.0,2.0,2.0,39.0,2.6,
994.0,0.0,2.0,39.0,3.1,
995.0,0.0,1.0,39.0,1.3,
996.0,1.0,5.0,39.0,4.1,
997.0,1.0,3.0,39.0,1.5,
998.0,1.0,7.0,39.0,3.3,
999.0,1.0,4.0,39.0,3.8,
1000.0,2.0,10.0,39.0,2.6,
1001.0,0.0,1.0,39.0,3.8,
1002.0,2.0,6.0,39.0,2.8,
1003.0,2.0,14.0,39.0,2.0,
1004.0,1.0,7.0,39.0,2.8,
1005.0,0.0,6.0,39.0,1.8,
1006.0,0.0,4.0,39.0,2.2,
1007.0,2.0,5.0,39.5,2.9,
1008.0,0.0,4.0,39.5,3.8,
1009.0,0.0,3.0,39.5,2.5,
1010.0,2.0,1.0,39.5,1.0,
1011.0,0.0,3.0,39.5,4.1,
1012.0,1.0,2.0,39.5,0.7,
1013.0,2.0,5.0,39.5,0.7,
1014.0,0.0,6.0,39.5,2.2,
1015.0,1.0,1.0,39.5,3.0,
1016.0,1.0,6.0,39.5,1.1,
1017.0,0.0,3.0,39.5,1.5,
1018.0,1.0,2.0,39.5,2.1,
1019.0,1.0,5.0,39.5,2.1,
1020.0,0.0,5.0,39.5,2.0,
1021.0,0.0,5.0,39.5,3.8,
1022.0,1.0,8.0,39.5,1.7,
1023.0,0.0,6.0,39.5,3.1,
1024.0,2.0,10.0,39.5,0.9,
1025.0,0.0,3.0,39.5,3.2,
1026.0,1.0,4.0,39.5,1.6,
1027.0,2.0,5.0,39.5,2.2,
1028.0,1.0,4.0,39.5,2.4,
1029.0,2.0,10.0,39.5,1.7,
1030.0,2.0,11.0,39.5,3.2,
1031.0,1.0,3.0,39.5,3.7,
1032.0,2.0,5.0,39.5,3.4,
1033.0,2.0,9.0,39.5,2.0,
1034.0,2.0,12.0,39.5,2.9,
1035.0,1.0,1.0,39.5,0.9,
1036.0,0.0,3.0,39.5,1.5,
1037.0,2.0,15.0,39.5,3.5,
1038.0,1.0,6.0,39.5,3.0,
1039.0,2.0,8.0,39.5,2.0,
1040.0,2.0,3.0,39.5,3.2,
1041.0,2.0,10.0,39.5,1.0,
1042.0,1.0,5.0,39.5,2.1,
1043.0,1.0,7.0,39.5,3.2,
1044.0,0.0,3.0,39.5,2.8,
1045.0,1.0,6.0,39.5,0.8,
1046.0,0.0,5.0,39.5,1.6,
1047.0,1.0,5.0,39.5,2.6,
1048.0,0.0,4.0,39.5,4.2,
1049.0,1.0,3.0,39.5,1.8,
1050.0,0.0,3.0,39.5,3.3,
1051.0,0.0,4.0,39.5,1.6,
1052.0,1.0,5.0,39.5,3.8,
1053.0,0.0,6.0,39.5,2.8,
1054.0,1.0,5.0,39.5,4.4,
1055.0,0.0,4.0,39.5,2.7,
1056.0,2.0,5.0,39.5,3.4,
1057.0,2.0,9.0,39.5,1.7,
1058.0,2.0,6.0,39.5,2.1,
1059.0,2.0,12.0,39.5,1.9,
1060.0,0.0,5.0,39.5,0.9,
1061.0,1.0,2.0,39.5,2.5,
1062.0,2.0,7.0,39.5,1.2,
1063.0,2.0,3.0,39.5,2.3,
1064.0,1.0,3.0,39.5,1.5,
1065.0,0.0,4.0,39.5,1.6,
1066.0,1.0,3.0,39.5,3.7,
1067.0,1.0,8.0,39.5,1.9,
1068.0,1.0,8.0,39.5,3.4,
1069.0,1.0,2.0,39.5,2.4,
1070.0,1.0,4.0,39.5,3.0,
1071.0,2.0,7.0,39.5,2.0,
1072.0,2.0,13.0,39.5,3.2,
1073.0,0.0,6.0,39.5,3.5,
1074.0,1.0,2.0,39.5,1.4,
1075.0,0.0,6.0,39.5,2.6,
1076.0,1.0,8.0,39.5,3.1,
1077.0,0.0,5.0,39.5,2.5,
1078.0,1.0,4.0,39.5,2.6,
1079.0,1.0,7.0,39.5,2.1,
1080.0,1.0,2.0,39.5,1.9,
1081.0,2.0,2.0,39.5,0.9,
1082.0,2.0,13.0,39.5,1.0,
1083.0,2.0,12.0,39.5,4.2,
1084.0,2.0,8.0,39.5,3.5,
1085.0,2.0,7.0,39.5,2.2,
1086.0,1.0,7.0,39.5,1.4,
1087.0,0.0,1.0,39.5,1.8,
1088.0,2.0,8.0,39.5,1.1,
1089.0,1.0,5.0,39.5,1.5,
1090.0,1.0,8.0,39.5,1.9,
1091.0,0.0,1.0,39.5,2.7,
1092.0,1.0,4.0,39.5,2.4,
1093.0,0.0,3.0,40.6,1.7,
1094.0,0.0,1.0,40.6,2.6,
1095.0,2.0,11.0,40.6,2.5,
1096.0,0.0,2.0,40.6,1.5,
1097.0,2.0,8.0,40.6,2.2,
1098.0,1.0,1.0,40.6,2.3,
1099.0,1.0,7.0,40.6,1.4,
1100.0,1.0,5.0,40.6,3.4,
1101.0,2.0,5.0,40.6,2.7,
1102.0,0.0,3.0,40.6,3.2,
1103.0,0.0,3.0,40.6,3.9,
1104.0,0.0,5.0,40.6,1.0,
1105.0,0.0,2.0,40.6,0.7,
1106.0,1.0,5.0,40.6,3.9,
1107.0,2.0,12.0,40.6,3.7,
1108.0,0.0,4.0,40.6,2.6,
1109.0,2.0,8.0,40.6,0.7,
1110.0,2.0,10.0,40.6,3.7,
1111.0,2.0,5.0,40.6,2.7,
1112.0,0.0,2.0,40.6,2.8,
1113.0,1.0,1.0,40.6,3.3,
1114.0,0.0,3.0,40.6,2.6,
1115.0,0.0,4.0,40.6,3.0,
1116.0,2.0,7.0,40.6,2.1,
1117.0,1.0,9.0,40.6,3.2,
1118.0,1.0,8.0,40.6,3.1,
1119.0,1.0,4.0,40.6,0.8,
1120.0,2.0,8.0,40.6,1.6,
1121.0,1.0,6.0,40.6,3.1,
1122.0,1.0,5.0,40.6,1.4,
1123.0,2.0,8.0,40.6,3.9,
1124.0,0.0,3.0,40.6,2.1,
1125.0,1.0,3.0,40.6,1.0,
1126.0,0.0,2.0,40.6,2.1,
1127.0,1.0,6.0,40.6,1.2,
1128.0,2.0,6.0,40.6,1.9,
1129.0,1.0,9.0,40.6,3.0,
1130.0,2.0,4.0,40.6,3.2,
1131.0,2.0,12.0,40.6,0.6,
1132.0,1.0,4.0,40.6,3.7,
1133.0,1.0,6.0,40.6,1.4,
1134.0,2.0,4.0,40.6,3.8,
1135.0,2.0,11.0,40.6,3.9,
1136.0,1.0,2.0,40.6,3.0,
1137.0,1.0,2.0,40.6,2.8,
1138.0,1.0,6.0,40.6,3.1,
1139.0,0.0,3.0,40.6,2.3,
1140.0,2.0,11.0,40.6,0.7,
1141.0,1.0,4.0,40.6,0.8,
1142.0,1.0,5.0,40.6,2.7,
1143.0,0.0,4.0,40.6,3.9,
1144.0,2.0,10.0,40.6,2.8,
1145.0,0.0,4.0,40.6,2.2,
1146.0,1.0,3.0,40.6,1.0,
1147.0,2.0,11.0,40.6,2.7,
1148.0,0.0,2.0,40.6,2.4,
1149.0,1.0,7.0,40.6,3.1,
1150.0,1.0,5.0,40.6,2.3,
1151.0,0.0,2.0,40.6,2.7,
1152.0,2.0,7.0,40.6,2.7,
1153.0,0.0,2.0,40.6,4.4,
1154.0,1.0,5.0,40.6,2.7,
1155.0,0.0,4.0,40.6,2.5,
1156.0,2.0,10.0,40.6,2.4,
1157.0,0.0,3.0,40.6,3.2,
1158.0,1.0,8.0,40.6,3.4,
1159.0,1.0,5.0,40.6,0.8,
1160.0,2.0,5.0,40.6,2.5,
1161.0,2.0,3.0,40.6,1.8,
1162.0,2.0,13.0,40.6,2.3,
1163.0,1.0,5.0,40.6,2.9,
1164.0,0.0,3.0,40.6,1.8,
1165.0,1.0,8.0,40.6,2.4,
1166.0,2.0,9.0,40.6,1.9,
1167.0,1.0,4.0,40.6,3.8,
1168.0,1.0,7.0,40.6,2.7,
1169.0,2.0,13.0,40.6,3.4,
1170.0,2.0,12.0,40.6,3.5,
1171.0,1.0,4.0,40.6,1.6,
1172.0,0.0,1.0,40.6,1.4,
1173.0,1.0,6.0,40.6,1.3,
1174.0,0.0,6.0,40.6,3.1,
1175.0,2.0,8.0,40.6,2.1,
1176.0,0.0,4.0,43.9,4.1,
1177.0,0.0,4.0,43.9,2.9,
1178.0,1.0,4.0,43.9,3.2,
1179.0,1.0,5.0,43.9,1.8,
1180.0,1.0,7.0,43.9,1.5,
1181.0,0.0,2.0,43.9,1.4,
1182.0,0.0,4.0,43.9,2.9,
1183.0,1.0,5.0,43.9,4.0,
1184.0,1.0,7.0,43.9,1.2,
1185.0,1.0,4.0,43.9,1.7,
1186.0,0.0,3.0,43.9,3.3,
1187.0,1.0,2.0,43.9,1.8,
1188.0,2.0,3.0,43.9,2.8,
1189.0,1.0,7.0,43.9,2.7,
1190.0,1.0,8.0,43.9,2.4,
1191.0,2.0,10.0,43.9,0.7,
1192.0,0.0,1.0,43.9,1.2,
1193.0,1.0,5.0,43.9,2.4,
1194.0,0.0,2.0,43.9,1.5,
1195.0,0.0,4.0,43.9,2.8,
1196.0,1.0,6.0,43.9,2.7,
1197.0,1.0,5.0,43.9,3.2,
1198.0,1.0,9.0,43.9,2.5,
1199.0,1.0,6.0,43.9,3.1,
1200.0,1.0,3.0,43.9,1.9,
1201.0,1.0,4.0,43.9,2.0,
1202.0,1.0,8.0,43.9,2.5,
1203.0,2.0,13.0,43.9,2.3,
1204.0,2.0,4.0,43.9,1.4,
1205.0,0.0,1.0,43.9,3.2,
1206.0,0.0,3.0,43.9,2.1,
1207.0,1.0,7.0,43.9,2.2,
1208.0,0.0,1.0,43.9,4.1,
1209.0,0.0,6.0,43.9,2.4,
1210.0,0.0,6.0,43.9,1.9,
1211.0,1.0,8.0,43.9,0.9,
1212.0,0.0,6.0,43.9,3.6,
1213.0,0.0,4.0,43.9,2.4,
1214.0,1.0,4.0,43.9,1.7,
1215.0,0.0,3.0,43.9,2.3,
1216.0,0.0,1.0,43.9,1.9,
1217.0,0.0,4.0,43.9,2.1,
1218.0,1.0,2.0,43.9,2.6,
1219.0,0.0,5.0,43.9,1.3,
1220.0,1.0,5.0,43.9,4.5,
1221.0,0.0,3.0,43.9,2.8,
1222.0,2.0,14.0,43.9,2.3,
1223.0,1.0,4.0,43.9,2.0,
1224.0,0.0,2.0,43.9,2.8,
1225.0,2.0,9.0,43.9,3.1,
1226.0,0.0,6.0,43.9,1.9,
1227.0,0.0,1.0,43.9,2.1,
1228.0,2.0,4.0,43.9,2.2,
1229.0,1.0,8.0,43.9,3.0,
1230.0,2.0,6.0,43.9,1.1,
1231.0,2.0,8.0,43.9,2.2,
1232.0,2.0,7.0,43.9,1.0,
1233.0,0.0,4.0,43.9,2.0,
1234.0,1.0,3.0,43.9,2.4,
1235.0,2.0,9.0,43.9,1.1,
1236.0,1.0,4.0,43.9,3.8,
1237.0,0.0,2.0,43.9,2.6,
1238.0,1.0,6.0,43.9,1.9,
1239.0,2.0,6.0,43.9,2.2,
1240.0,1.0,7.0,43.9,2.3,
1241.0,2.0,9.0,43.9,1.8,
1242.0,0.0,4.0,43.9,3.4,
1243.0,1.0,5.0,43.9,3.5,
1244.0,2.0,4.0,43.9,2.5,
1245.0,1.0,6.0,43.9,1.5,
1246.0,0.0,3.0,43.9,2.7,
1247.0,2.0,9.0,43.9,1.2,
1248.0,0.0,3.0,43.9,1.9,
1249.0,1.0,3.0,43.9,2.2,
1250.0,2.0,6.0,43.9,3.0,
1251.0,2.0,9.0,43.9,3.1,
1252.0,1.0,4.0,43.9,2.0,
1253.0,0.0,4.0,43.9,2.6,
1254.0,2.0,3.0,43.9,1.8,
1255.0,2.0,8.0,43.9,3.2,
1256.0,1.0,6.0,46.5,2.1,
1257.0,1.0,9.0,46.5,2.5,
1258.0,2.0,5.0,46.5,4.2,
1259.0,0.0,4.0,46.5,1.8,
1260.0,0.0,2.0,46.5,1.0,
1261.0,0.0,5.0,46.5,1.8,
1262.0,2.0,11.0,46.5,1.0,
1263.0,2.0,9.0,46.5,1.4,
1264.0,0.0,4.0,46.5,3.0,
1265.0,2.0,12.0,46.5,2.5,
1266.0,2.0,4.0,46.5,1.3,
1267.0,0.0,4.0,46.5,1.9,
1268.0,1.0,6.0,46.5,3.1,
1269.0,0.0,4.0,46.5,2.9,
1270.0,0.0,3.0,46.5,2.7,
1271.0,0.0,5.0,46.5,3.6,
1272.0,2.0,11.0,46.5,3.3,
1273.0,1.0,1.0,46.5,3.1,
1274.0,0.0,5.0,46.5,3.7,
1275.0,2.0,7.0,46.5,2.6,
1276.0,1.0,3.0,46.5,1.8,
1277.0,1.0,7.0,46.5,1.5,
1278.0,2.0,11.0,46.5,2.2,
1279.0,0.0,3.0,46.5,3.7,
1280.0,2.0,6.0,46.5,2.2,
1281.0,1.0,5.0,46.5,1.9,
1282.0,1.0,2.0,46.5,2.9,
1283.0,1.0,4.0,46.5,2.4,
1284.0,1.0,8.0,46.5,2.8,
1285.0,0.0,6.0,46.5,1.1,
1286.0,1.0,2.0,46.5,2.3,
1287.0,1.0,2.0,46.5,1.9,
1288.0,1.0,1.0,46.5,3.4,
1289.0,2.0,4.0,46.5,4.3,
1290.0,1.0,9.0,46.5,3.1,
1291.0,0.0,3.0,46.5,2.9,
1292.0,2.0,12.0,46.5,2.0,
1293.0,2.0,9.0,46.5,0.5,
1294.0,1.0,9.0,46.5,3.6,
1295.0,1.0,3.0,46.5,3.2,
1296.0,1.0,4.0,46.5,3.0,
1297.0,0.0,5.0,46.5,2.7,
1298.0,2.0,5.0,46.5,3.7,
1299.0,2.0,12.0,46.5,3.0,
1300.0,0.0,3.0,46.5,3.8,
1301.0,1.0,5.0,46.5,3.2,
1302.0,1.0,4.0,46.5,3.2,
1303.0,2.0,6.0,46.5,3.9,
1304.0,2.0,8.0,46.5,2.2,
1305.0,2.0,8.0,46.5,2.3,
1306.0,1.0,6.0,46.5,2.4,
1307.0,2.0,13.0,46.5,1.1,
1308.0,2.0,9.0,46.5,2.3,
1309.0,2.0,14.0,46.5,1.0,
1310.0,1.0,9.0,46.5,0.4,
1311.0,0.0,5.0,46.5,3.0,
1312.0,0.0,3.0,46.5,1.9,
1313.0,1.0,4.0,46.5,2.7,
1314.0,2.0,6.0,46.5,3.1,
1315.0,0.0,4.0,46.5,2.6,
1316.0,1.0,4.0,46.5,4.0,
1317.0,1.0,6.0,46.5,3.0,
1318.0,0.0,4.0,46.5,1.6,
1319.0,0.0,3.0,46.5,2.8,
1320.0,0.0,3.0,46.5,2.0,
1321.0,1.0,2.0,46.5,2.7,
1322.0,0.0,2.0,46.5,1.7,
1323.0,0.0,6.0,46.5,2.2,
1324.0,1.0,3.0,46.5,2.7,
1325.0,0.0,4.0,46.5,3.1,
1326.0,0.0,3.0,46.5,3.1,
1327.0,0.0,3.0,46.5,1.6,
1328.0,1.0,8.0,46.5,1.4,
1329.0,0.0,2.0,46.5,3.0,
1330.0,1.0,5.0,46.5,2.4,
1331.0,2.0,14.0,46.5,2.7,
1332.0,0.0,4.0,46.5,3.5,
1333.0,2.0,8.0,46.5,1.5,
1334.0,1.0,5.0,46.5,2.2,
1335.0,2.0,5.0,46.5,2.1,
1336.0,1.0,7.0,46.5,3.9,
1337.0,1.0,3.0,46.5,2.1,
1338.0,1.0,4.0,46.5,4.5,
1339.0,1.0,3.0,47.9,1.5,
1340.0,1.0,7.0,47.9,2.5,
1341.0,1.0,5.0,47.9,2.5,
1342.0,0.0,2.0,47.9,2.1,
1343.0,0.0,4.0,47.9,3.0,
1344.0,0.0,2.0,47.9,3.6,
1345.0,2.0,8.0,47.9,2.5,
1346.0,0.0,4.0,47.9,2.7,
1347.0,0.0,1.0,47.9,3.6,
1348.0,2.0,4.0,47.9,2.6,
1349.0,0.0,2.0,47.9,1.3,
1350.0,0.0,3.0,47.9,2.6,
1351.0,2.0,9.0,47.9,2.6,
1352.0,1.0,7.0,47.9,2.4,
1353.0,0.0,2.0,47.9,3.5,
1354.0,1.0,2.0,47.9,1.9,
1355.0,0.0,4.0,47.9,1.6,
1356.0,1.0,7.0,47.9,1.9,
1357.0,1.0,7.0,47.9,2.6,
1358.0,2.0,10.0,47.9,3.6,
1359.0,2.0,11.0,47.9,3.3,
1360.0,0.0,4.0,47.9,3.0,
1361.0,0.0,3.0,47.9,3.0,
1362.0,1.0,7.0,47.9,4.2,
1363.0,1.0,4.0,47.9,3.6,
1364.0,2.0,9.0,47.9,2.2,
1365.0,2.0,9.0,47.9,3.5,
1366.0,1.0,4.0,47.9,3.1,
1367.0,1.0,7.0,47.9,3.4,
1368.0,0.0,3.0,47.9,3.3,
1369.0,1.0,2.0,47.9,2.2,
1370.0,0.0,5.0,47.9,2.9,
1371.0,1.0,4.0,47.9,3.1,
1372.0,1.0,6.0,47.9,0.8,
1373.0,0.0,3.0,47.9,2.0,
1374.0,2.0,7.0,47.9,2.9,
1375.0,2.0,7.0,47.9,3.1,
1376.0,1.0,6.0,47.9,2.3,
1377.0,1.0,3.0,47.9,3.9,
1378.0,1.0,7.0,47.9,3.9,
1379.0,2.0,3.0,47.9,2.5,
1380.0,2.0,3.0,47.9,2.4,
1381.0,0.0,4.0,47.9,3.9,
1382.0,1.0,9.0,47.9,1.8,
1383.0,0.0,3.0,47.9,0.9,
1384.0,2.0,9.0,47.9,3.9,
1385.0,2.0,7.0,47.9,2.1,
1386.0,2.0,6.0,47.9,1.1,
1387.0,2.0,9.0,47.9,1.9,
1388.0,1.0,9.0,47.9,0.7,
1389.0,1.0,5.0,47.9,1.5,
1390.0,0.0,1.0,47.9,1.5,
1391.0,1.0,4.0,47.9,1.7,
1392.0,1.0,2.0,47.9,3.9,
1393.0,0.0,6.0,47.9,4.5,
1394.0,1.0,9.0,47.9,1.6,
1395.0,1.0,2.0,47.9,0.8,
1396.0,1.0,6.0,47.9,3.5,
1397.0,1.0,6.0,47.9,2.3,
1398.0,1.0,3.0,47.9,2.6,
1399.0,2.0,13.0,47.9,3.7,
1400.0,0.0,4.0,47.9,0.5,
1401.0,2.0,10.0,47.9,3.3,
1402.0,1.0,7.0,47.9,1.3,
1403.0,1.0,2.0,47.9,3.2,
1404.0,1.0,6.0,47.9,2.6,
1405.0,1.0,4.0,47.9,1.6,
1406.0,0.0,4.0,47.9,3.0,
1407.0,1.0,4.0,47.9,2.9,
1408.0,0.0,1.0,47.9,2.2,
1409.0,2.0,8.0,47.9,2.6,
1410.0,0.0,2.0,47.9,1.8,
1411.0,0.0,3.0,47.9,1.5,
1412.0,1.0,4.0,47.9,2.5,
1413.0,2.0,9.0,47.9,2.4,
1414.0,0.0,4.0,47.9,1.2,
1415.0,1.0,7.0,47.9,3.5,
1416.0,1.0,6.0,47.9,1.7,
1417.0,1.0,8.0,47.9,2.5,
1418.0,0.0,2.0,47.9,3.0,
1419.0,2.0,8.0,47.9,2.2,
1420.0,2.0,6.0,47.9,3.9,
1421.0,2.0,7.0,47.9,1.6,
1422.0,1.0,5.0,47.9,2.6,
1423.0,1.0,7.0,47.9,4.4,
1424.0,0.0,3.0,47.9,2.6,
1425.0,0.0,2.0,47.9,3.7,
1426.0,2.0,5.0,47.9,3.1,
1427.0,0.0,4.0,47.9,2.8,
1428.0,0.0,6.0,51.7,1.1,
1429.0,0.0,4.0,51.7,2.4,
1430.0,2.0,7.0,51.7,4.3,
1431.0,2.0,9.0,51.7,2.5,
1432.0,1.0,7.0,51.7,3.0,
1433.0,0.0,1.0,51.7,2.2,
1434.0,2.0,10.0,51.7,2.4,
1435.0,2.0,7.0,51.7,2.1,
1436.0,0.0,3.0,51.7,1.9,
1437.0,0.0,4.0,51.7,4.2,
1438.0,1.0,4.0,51.7,2.1,
1439.0,1.0,7.0,51.7,1.3,
1440.0,0.0,2.0,51.7,1.6,
1441.0,1.0,4.0,51.7,2.5,
1442.0,2.0,9.0,51.7,1.7,
1443.0,1.0,3.0,51.7,1.0,
1444.0,1.0,4.0,51.7,2.9,
1445.0,1.0,8.0,51.7,2.2,
1446.0,0.0,5.0,51.7,4.0,
1447.0,2.0,3.0,51.7,3.1,
1448.0,1.0,5.0,51.7,3.1,
1449.0,1.0,6.0,51.7,1.5,
1450.0,0.0,2.0,51.7,0.8,
1451.0,1.0,4.0,51.7,1.4,
1452.0,2.0,4.0,51.7,4.1,
1453.0,1.0,5.0,51.7,1.8,
1454.0,2.0,6.0,51.7,2.6,
1455.0,1.0,7.0,51.7,2.5,
1456.0,2.0,3.0,51.7,4.2,
1457.0,1.0,7.0,51.7,3.3,
1458.0,0.0,5.0,51.7,2.5,
1459.0,2.0,7.0,51.7,3.1,
1460.0,0.0,4.0,51.7,2.2,
1461.0,2.0,4.0,51.7,1.2,
1462.0,2.0,12.0,51.7,2.7,
1463.0,1.0,5.0,51.7,1.7,
1464.0,2.0,6.0,51.7,2.3,
1465.0,0.0,2.0,51.7,3.2,
1466.0,0.0,1.0,51.7,1.4,
1467.0,1.0,3.0,51.7,2.9,
1468.0,1.0,1.0,51.7,1.8,
1469.0,1.0,8.0,51.7,2.1,
1470.0,2.0,15.0,51.7,2.7,
1471.0,2.0,3.0,51.7,2.5,
1472.0,1.0,8.0,51.7,1.7,
1473.0,1.0,2.0,51.7,2.6,
1474.0,1.0,3.0,51.7,1.3,
1475.0,1.0,4.0,51.7,2.5,
1476.0,2.0,1.0,51.7,1.1,
1477.0,0.0,3.0,51.7,2.2,
1478.0,2.0,7.0,51.7,2.0,
1479.0,2.0,6.0,51.7,3.2,
1480.0,1.0,3.0,51.7,0.8,
1481.0,2.0,6.0,51.7,3.2,
1482.0,0.0,3.0,51.7,1.9,
1483.0,2.0,10.0,51.7,3.6,
1484.0,0.0,5.0,51.7,3.2,
1485.0,2.0,13.0,51.7,2.7,
1486.0,2.0,8.0,51.7,2.0,
1487.0,1.0,7.0,51.7,2.8,
1488.0,1.0,4.0,51.7,2.9,
1489.0,2.0,6.0,51.7,2.2,
1490.0,2.0,3.0,51.7,1.7,
1491.0,1.0,1.0,51.7,3.3,
1492.0,0.0,3.0,51.7,3.0,
1493.0,0.0,4.0,51.7,4.0,
1494.0,2.0,5.0,51.7,3.3,
1495.0,1.0,5.0,51.7,2.7,
1496.0,0.0,3.0,51.7,1.3,
1497.0,0.0,4.0,51.7,1.7,
1498.0,0.0,4.0,51.7,1.7,
1499.0,0.0,6.0,51.7,0.9,
1500.0,1.0,5.0,51.7,2.9,
1501.0,1.0,5.0,51.7,3.7,
1502.0,1.0,4.0,51.7,1.9,
1503.0,1.0,1.0,51.7,2.3,
1504.0,0.0,6.0,51.7,1.5,
1505.0,1.0,7.0,51.7,2.4,
1506.0,2.0,10.0,51.7,1.6,
1507.0,0.0,5.0,51.7,2.1,
1508.0,2.0,8.0,51.7,1.6,
1509.0,2.0,10.0,51.7,2.2,
1510.0,2.0,7.0,55.4,3.4,
1511.0,1.0,6.0,55.4,3.5,
1512.0,0.0,2.0,55.4,3.5,
1513.0,0.0,5.0,55.4,2.7,
1514.0,2.0,4.0,55.4,2.4,
1515.0,1.0,3.0,55.4,3.0,
1516.0,1.0,5.0,55.4,2.7,
1517.0,1.0,1.0,55.4,3.5,
1518.0,2.0,8.0,55.4,2.3,
1519.0,2.0,10.0,55.4,2.8,
1520.0,0.0,5.0,55.4,2.0,
1521.0,0.0,4.0,55.4,3.3,
1522.0,2.0,8.0,55.4,1.7,
1523.0,0.0,4.0,55.4,2.1,
1524.0,2.0,9.0,55.4,2.4,
1525.0,2.0,3.0,55.4,2.7,
1526.0,0.0,6.0,55.4,2.2,
1527.0,1.0,2.0,55.4,0.7,
1528.0,0.0,4.0,55.4,2.3,
1529.0,1.0,6.0,55.4,2.2,
1530.0,0.0,3.0,55.4,3.1,
1531.0,2.0,1.0,55.4,2.0,
1532.0,2.0,5.0,55.4,3.0,
1533.0,1.0,6.0,55.4,1.8,
1534.0,2.0,12.0,55.4,1.9,
1535.0,1.0,5.0,55.4,3.5,
1536.0,2.0,5.0,55.4,2.3,
1537.0,1.0,8.0,55.4,0.6,
1538.0,0.0,3.0,55.4,2.8,
1539.0,0.0,4.0,55.4,1.6,
1540.0,1.0,6.0,55.4,4.4,
1541.0,1.0,2.0,55.4,4.0,
1542.0,0.0,3.0,55.4,2.5,
1543.0,1.0,4.0,55.4,3.3,
1544.0,1.0,5.0,55.4,3.2,
1545.0,0.0,2.0,55.4,1.9,
1546.0,1.0,1.0,55.4,2.1,
1547.0,2.0,5.0,55.4,1.9,
1548.0,1.0,3.0,55.4,2.9,
1549.0,1.0,8.0,55.4,3.5,
1550.0,0.0,5.0,55.4,2.3,
1551.0,0.0,3.0,55.4,2.5,
1552.0,0.0,4.0,55.4,4.1,
1553.0,1.0,6.0,55.4,3.2,
1554.0,0.0,4.0,55.4,3.4,
1555.0,1.0,4.0,55.4,2.3,
1556.0,0.0,2.0,55.4,2.5,
1557.0,1.0,4.0,55.4,1.6,
1558.0,2.0,7.0,55.4,2.2,
1559.0,1.0,6.0,55.4,2.0,
1560.0,2.0,7.0,55.4,1.7,
1561.0,2.0,10.0,55.4,1.8,
1562.0,2.0,11.0,55.4,2.4,
1563.0,1.0,5.0,55.4,1.6,
1564.0,1.0,7.0,55.4,3.5,
1565.0,1.0,4.0,55.4,2.4,
1566.0,1.0,2.0,55.4,1.6,
1567.0,2.0,6.0,55.4,1.1,
1568.0,0.0,5.0,55.4,2.4,
1569.0,2.0,10.0,55.4,3.3,
1570.0,0.0,4.0,55.4,3.0,
1571.0,0.0,2.0,55.4,3.0,
1572.0,1.0,2.0,55.4,2.7,
1573.0,2.0,5.0,55.4,2.0,
1574.0,0.0,4.0,55.4,1.1,
1575.0,0.0,4.0,55.4,3.6,
1576.0,0.0,4.0,55.4,1.6,
1577.0,1.0,5.0,55.4,2.4,
1578.0,0.0,2.0,55.4,3.0,
1579.0,1.0,5.0,55.4,3.1,
1580.0,2.0,7.0,55.4,2.6,
1581.0,2.0,9.0,55.4,4.4,
1582.0,0.0,6.0,55.4,3.1,
1583.0,1.0,7.0,55.4,2.7,
1584.0,1.0,5.0,55.4,2.8,
1585.0,2.0,7.0,55.4,3.7,
1586.0,0.0,4.0,55.4,2.2,
1587.0,1.0,3.0,55.4,2.2,
1588.0,2.0,13.0,55.4,3.8,
1589.0,1.0,4.0,55.4,2.5,
1590.0,2.0,11.0,55.4,3.7,
1591.0,0.0,6.0,55.4,3.3,
1592.0,1.0,6.0,55.4,1.8,
1593.0,0.0,2.0,55.4,2.0,
1594.0,1.0,4.0,55.4,3.8,
1595.0,2.0,4.0,55.4,3.7,
1596.0,2.0,9.0,55.4,1.4,
1597.0,1.0,2.0,55.4,2.4,
1598.0,1.0,8.0,55.4,2.3,
1599.0,2.0,9.0,55.4,3.2,
1600.0,2.0,6.0,55.4,1.6,
1601.0,0.0,4.0,55.4,1.6,
1602.0,2.0,5.0,55.4,3.6,
1603.0,2.0,6.0,55.4,1.9,
1604.0,1.0,6.0,57.1,3.2,
1605.0,1.0,3.0,57.1,2.6,
1606.0,1.0,1.0,57.1,2.1,
1607.0,1.0,3.0,57.1,2.1,
1608.0,1.0,2.0,57.1,2.3,
1609.0,0.0,5.0,57.1,1.3,
1610.0,1.0,3.0,57.1,2.8,
1611.0,1.0,5.0,57.1,2.6,
1612.0,0.0,6.0,57.1,3.5,
1613.0,2.0,8.0,57.1,3.5,
1614.0,1.0,5.0,57.1,2.8,
1615.0,2.0,5.0,57.1,1.9,
1616.0,0.0,2.0,57.1,2.1,
1617.0,0.0,3.0,57.1,2.6,
1618.0,0.0,1.0,57.1,1.9,
1619.0,0.0,3.0,57.1,2.0,
1620.0,1.0,8.0,57.1,0.9,
1621.0,1.0,3.0,57.1,3.1,
1622.0,0.0,4.0,57.1,2.9,
1623.0,1.0,6.0,57.1,1.9,
1624.0,2.0,10.0,57.1,2.2,
1625.0,2.0,4.0,57.1,2.7,
1626.0,1.0,7.0,57.1,2.8,
1627.0,1.0,1.0,57.1,3.2,
1628.0,2.0,10.0,57.1,2.8,
1629.0,1.0,2.0,57.1,2.8,
1630.0,0.0,5.0,57.1,1.1,
1631.0,2.0,8.0,57.1,2.6,
1632.0,2.0,6.0,57.1,3.8,
1633.0,2.0,4.0,57.1,2.3,
1634.0,1.0,7.0,57.1,2.6,
1635.0,0.0,2.0,57.1,1.7,
1636.0,0.0,4.0,57.1,3.1,
1637.0,1.0,7.0,57.1,2.6,
1638.0,2.0,11.0,57.1,2.8,
1639.0,0.0,3.0,57.1,1.6,
1640.0,2.0,9.0,57.1,1.7,
1641.0,1.0,6.0,57.1,2.5,
1642.0,2.0,10.0,57.1,3.1,
1643.0,2.0,9.0,57.1,4.0,
1644.0,2.0,3.0,57.1,2.8,
1645.0,2.0,14.0,57.1,2.7,
1646.0,1.0,3.0,57.1,2.8,
1647.0,0.0,3.0,57.1,4.2,
1648.0,2.0,6.0,57.1,2.4,
1649.0,0.0,4.0,57.1,3.7,
1650.0,2.0,15.0,57.1,2.7,
1651.0,0.0,1.0,57.1,2.7,
1652.0,2.0,12.0,57.1,2.1,
1653.0,2.0,9.0,57.1,2.5,
1654.0,2.0,11.0,57.1,2.1,
1655.0,1.0,6.0,57.1,1.9,
1656.0,2.0,8.0,57.1,2.7,
1657.0,1.0,8.0,57.1,1.9,
1658.0,0.0,2.0,57.1,2.4,
1659.0,2.0,7.0,57.1,2.1,
1660.0,0.0,3.0,57.1,3.3,
1661.0,2.0,5.0,57.1,1.7,
1662.0,1.0,3.0,57.1,2.6,
1663.0,2.0,11.0,57.1,3.2,
1664.0,0.0,2.0,57.1,1.9,
1665.0,0.0,4.0,57.1,0.9,
1666.0,1.0,4.0,57.1,1.9,
1667.0,0.0,6.0,57.1,2.0,
1668.0,1.0,8.0,57.1,2.0,
1669.0,2.0,3.0,57.1,1.9,
1670.0,2.0,11.0,57.1,2.9,
1671.0,1.0,5.0,57.1,3.3,
1672.0,1.0,4.0,57.1,3.1,
1673.0,2.0,4.0,57.1,1.5,
1674.0,1.0,4.0,57.1,3.5,
1675.0,1.0,1.0,57.1,1.2,
1676.0,1.0,9.0,57.1,2.2,
1677.0,0.0,3.0,57.1,2.7,
1678.0,1.0,6.0,57.1,3.6,
1679.0,1.0,4.0,57.1,3.4,
1680.0,1.0,3.0,57.1,3.0,
1681.0,1.0,8.0,57.1,2.1,
1682.0,0.0,1.0,57.1,3.0,
1683.0,1.0,7.0,57.1,3.0,
1684.0,2.0,6.0,57.1,1.8,
1685.0,0.0,3.0,57.1,1.6,
1686.0,0.0,3.0,57.1,2.7,
1687.0,0.0,2.0,57.1,1.4,
1688.0,2.0,12.0,57.1,3.8,
1689.0,1.0,8.0,57.1,1.8,
1690.0,0.0,4.0,57.1,3.0,
1691.0,0.0,5.0,57.1,0.5,
1692.0,0.0,5.0,57.1,1.2,
1693.0,1.0,4.0,57.1,3.0,
1694.0,1.0,5.0,57.1,3.0,
1695.0,0.0,4.0,57.1,1.6,
1696.0,0.0,5.0,57.1,3.1,
1697.0,2.0,6.0,57.1,4.2,
1698.0,0.0,6.0,57.1,2.3,
1699.0,1.0,7.0,57.1,2.9,
1700.0,2.0,7.0,60.4,2.4,
1701.0,1.0,4.0,60.4,2.2,
1702.0,2.0,6.0,60.4,3.4,
1703.0,2.0,8.0,60.4,2.0,
1704.0,2.0,5.0,60.4,2.4,
1705.0,2.0,12.0,60.4,0.6,
1706.0,1.0,6.0,60.4,1.8,
1707.0,1.0,7.0,60.4,2.5,
1708.0,0.0,4.0,60.4,2.8,
1709.0,0.0,3.0,60.4,2.3,
1710.0,1.0,5.0,60.4,1.5,
1711.0,2.0,10.0,60.4,2.7,
1712.0,1.0,6.0,60.4,1.5,
1713.0,2.0,6.0,60.4,2.0,
1714.0,0.0,2.0,60.4,3.0,
1715.0,0.0,2.0,60.4,2.2,
1716.0,2.0,11.0,60.4,1.2,
1717.0,0.0,4.0,60.4,2.4,
1718.0,0.0,2.0,60.4,1.2,
1719.0,2.0,5.0,60.4,3.2,
1720.0,0.0,4.0,60.4,3.5,
1721.0,0.0,6.0,60.4,2.8,
1722.0,2.0,6.0,60.4,2.2,
1723.0,1.0,2.0,60.4,2.6,
1724.0,2.0,4.0,60.4,2.3,
1725.0,1.0,4.0,60.4,0.5,
1726.0,2.0,4.0,60.4,3.0,
1727.0,0.0,1.0,60.4,3.2,
1728.0,0.0,3.0,60.4,2.6,
1729.0,0.0,3.0,60.4,1.0,
1730.0,2.0,6.0,60.4,1.9,
1731.0,2.0,10.0,60.4,3.3,
1732.0,0.0,6.0,60.4,1.7,
1733.0,1.0,6.0,60.4,3.5,
1734.0,0.0,2.0,60.4,3.9,
1735.0,1.0,5.0,60.4,2.1,
1736.0,0.0,4.0,60.4,2.2,
1737.0,1.0,9.0,60.4,2.6,
1738.0,1.0,5.0,60.4,3.2,
1739.0,2.0,11.0,60.4,2.4,
1740.0,0.0,3.0,60.4,2.8,
1741.0,2.0,12.0,60.4,2.5,
1742.0,1.0,1.0,60.4,2.0,
1743.0,1.0,3.0,60.4,2.4,
1744.0,2.0,10.0,60.4,3.5,
1745.0,1.0,7.0,60.4,2.5,
1746.0,1.0,4.0,60.4,3.6,
1747.0,0.0,4.0,60.4,4.4,
1748.0,1.0,4.0,60.4,3.5,
1749.0,1.0,4.0,60.4,2.8,
1750.0,2.0,3.0,60.4,0.9,
1751.0,1.0,7.0,60.4,2.6,
1752.0,1.0,6.0,60.4,1.8,
1753.0,1.0,1.0,60.4,2.7,
1754.0,2.0,4.0,60.4,0.5,
1755.0,0.0,4.0,60.4,1.2,
1756.0,0.0,5.0,60.4,2.0,
1757.0,1.0,7.0,60.4,1.9,
1758.0,2.0,14.0,60.4,2.5,
1759.0,1.0,6.0,60.4,2.2,
1760.0,0.0,4.0,60.4,1.6,
1761.0,2.0,9.0,60.4,1.7,
1762.0,1.0,5.0,60.4,2.0,
1763.0,0.0,2.0,60.4,1.9,
1764.0,1.0,6.0,60.4,2.9,
1765.0,2.0,5.0,60.4,3.0,
1766.0,2.0,8.0,60.4,3.1,
1767.0,2.0,6.0,60.4,3.4,
1768.0,0.0,2.0,60.4,0.6,
1769.0,2.0,9.0,60.4,2.2,
1770.0,1.0,3.0,60.4,2.1,
1771.0,1.0,3.0,60.4,2.8,
1772.0,1.0,6.0,60.4,2.4,
1773.0,0.0,4.0,60.4,0.6,
1774.0,1.0,8.0,60.4,3.5,
1775.0,0.0,1.0,60.4,3.0,
1776.0,1.0,6.0,60.4,2.2,
1777.0,2.0,3.0,60.4,1.3,
1778.0,0.0,4.0,60.4,3.9,
1779.0,1.0,7.0,60.4,2.6,
1780.0,0.0,3.0,60.4,2.2,
1781.0,0.0,4.0,60.4,2.7,
1782.0,2.0,8.0,60.4,3.4,
1783.0,0.0,3.0,62.0,2.6,
1784.0,1.0,7.0,62.0,3.0,
1785.0,1.0,5.0,62.0,3.4,
1786.0,1.0,4.0,62.0,4.0,
1787.0,2.0,12.0,62.0,0.3,
1788.0,0.0,3.0,62.0,1.8,
1789.0,2.0,9.0,62.0,2.6,
1790.0,0.0,2.0,62.0,1.6,
1791.0,0.0,4.0,62.0,2.8,
1792.0,1.0,4.0,62.0,3.7,
1793.0,0.0,6.0,62.0,2.2,
1794.0,0.0,5.0,62.0,2.8,
1795.0,1.0,4.0,62.0,2.8,
1796.0,2.0,13.0,62.0,3.4,
1797.0,1.0,2.0,62.0,2.0,
1798.0,1.0,4.0,62.0,2.2,
1799.0,0.0,5.0,62.0,2.3,
1800.0,2.0,5.0,62.0,2.1,
1801.0,2.0,11.0,62.0,3.7,
1802.0,2.0,10.0,62.0,2.0,
1803.0,2.0,6.0,62.0,3.9,
1804.0,1.0,4.0,62.0,3.7,
1805.0,2.0,8.0,62.0,1.2,
1806.0,2.0,10.0,62.0,3.2,
1807.0,0.0,5.0,62.0,1.3,
1808.0,2.0,12.0,62.0,1.8,
1809.0,0.0,6.0,62.0,2.1,
1810.0,1.0,4.0,62.0,2.8,
1811.0,1.0,9.0,62.0,3.1,
1812.0,1.0,2.0,62.0,1.8,
1813.0,0.0,3.0,62.0,1.8,
1814.0,1.0,8.0,62.0,1.6,
1815.0,1.0,6.0,62.0,2.9,
1816.0,1.0,8.0,62.0,2.8,
1817.0,2.0,10.0,62.0,1.2,
1818.0,1.0,2.0,62.0,1.7,
1819.0,0.0,5.0,62.0,1.0,
1820.0,1.0,5.0,62.0,2.2,
1821.0,2.0,10.0,62.0,1.8,
1822.0,0.0,5.0,62.0,2.2,
1823.0,1.0,6.0,62.0,3.9,
1824.0,2.0,15.0,62.0,3.0,
1825.0,0.0,3.0,62.0,2.9,
1826.0,2.0,12.0,62.0,3.3,
1827.0,0.0,3.0,62.0,2.2,
1828.0,0.0,3.0,62.0,1.8,
1829.0,1.0,8.0,62.0,3.5,
1830.0,2.0,12.0,62.0,0.9,
1831.0,2.0,10.0,62.0,4.0,
1832.0,0.0,3.0,62.0,2.2,
1833.0,0.0,3.0,62.0,1.5,
1834.0,2.0,4.0,62.0,1.5,
1835.0,1.0,4.0,62.0,0.8,
1836.0,1.0,8.0,62.0,1.5,
1837.0,2.0,8.0,62.0,1.4,
1838.0,1.0,3.0,62.0,3.3,
1839.0,2.0,3.0,62.0,3.2,
1840.0,2.0,9.0,62.0,3.0,
1841.0,1.0,4.0,62.0,4.8,
1842.0,1.0,3.0,62.0,1.8,
1843.0,0.0,3.0,62.0,1.6,
1844.0,1.0,9.0,62.0,2.2,
1845.0,0.0,5.0,62.0,4.1,
1846.0,1.0,7.0,62.0,3.0,
1847.0,0.0,5.0,62.0,3.3,
1848.0,2.0,13.0,62.0,1.8,
1849.0,0.0,4.0,62.0,2.9,
1850.0,0.0,5.0,62.0,2.9,
1851.0,2.0,9.0,62.0,2.1,
1852.0,2.0,5.0,62.0,2.2,
1853.0,0.0,4.0,62.0,4.0,
1854.0,1.0,3.0,62.0,2.1,
1855.0,0.0,3.0,62.0,2.3,
1856.0,1.0,5.0,62.0,4.3,
1857.0,2.0,6.0,62.0,3.9,
1858.0,1.0,5.0,62.0,3.1,
1859.0,0.0,4.0,62.0,2.3,
1860.0,2.0,6.0,62.0,1.6,
1861.0,1.0,4.0,62.0,2.8,
1862.0,0.0,1.0,62.0,2.3,
1863.0,1.0,5.0,62.0,3.8,
1864.0,2.0,10.0,62.0,2.3,
1865.0,1.0,1.0,62.0,2.0,
1866.0,1.0,5.0,62.0,3.7,
1867.0,0.0,4.0,62.0,1.6,
1868.0,0.0,3.0,62.0,2.9,
1869.0,2.0,11.0,62.0,2.2,
1870.0,0.0,4.0,62.0,2.8,
1871.0,2.0,6.0,62.0,4.4,
1872.0,2.0,7.0,62.0,2.5,
1873.0,0.0,1.0,62.0,3.4,
1874.0,1.0,7.0,62.0,2.7,
1875.0,1.0,9.0,62.0,1.9,
1876.0,2.0,4.0,62.0,2.4,
1877.0,1.0,4.0,62.0,1.0,
1878.0,0.0,3.0,62.0,2.5,
1879.0,1.0,8.0,66.1,2.8,
1880.0,2.0,3.0,66.1,2.2,
1881.0,2.0,10.0,66.1,0.9,
1882.0,0.0,5.0,66.1,3.1,
1883.0,2.0,8.0,66.1,1.4,
1884.0,1.0,5.0,66.1,2.7,
1885.0,1.0,6.0,66.1,2.4,
1886.0,1.0,7.0,66.1,3.7,
1887.0,0.0,2.0,66.1,1.0,
1888.0,0.0,2.0,66.1,2.7,
1889.0,2.0,11.0,66.1,2.6,
1890.0,0.0,4.0,66.1,4.1,
1891.0,2.0,7.0,66.1,2.0,
1892.0,1.0,5.0,66.1,2.4,
1893.0,2.0,5.0,66.1,1.7,
1894.0,0.0,1.0,66.1,1.9,
1895.0,0.0,4.0,66.1,2.1,
1896.0,0.0,5.0,66.1,3.1,
1897.0,2.0,5.0,66.1,3.2,
1898.0,1.0,6.0,66.1,2.8,
1899.0,1.0,3.0,66.1,1.9,
1900.0,2.0,3.0,66.1,3.0,
1901.0,2.0,4.0,66.1,1.2,
1902.0,1.0,7.0,66.1,1.7,
1903.0,2.0,5.0,66.1,3.2,
1904.0,0.0,2.0,66.1,2.9,
1905.0,0.0,3.0,66.1,2.9,
1906.0,1.0,2.0,66.1,1.2,
1907.0,2.0,7.0,66.1,3.7,
1908.0,0.0,2.0,66.1,2.8,
1909.0,2.0,10.0,66.1,1.1,
1910.0,0.0,3.0,66.1,2.5,
1911.0,1.0,1.0,66.1,2.3,
1912.0,2.0,7.0,66.1,1.9,
1913.0,0.0,4.0,66.1,1.8,
1914.0,2.0,8.0,66.1,3.5,
1915.0,2.0,9.0,66.1,3.0,
1916.0,2.0,5.0,66.1,2.2,
1917.0,0.0,2.0,66.1,2.0,
1918.0,1.0,3.0,66.1,3.0,
1919.0,0.0,2.0,66.1,1.2,
1920.0,0.0,3.0,66.1,1.5,
1921.0,0.0,1.0,66.1,1.6,
1922.0,0.0,2.0,66.1,2.2,
1923.0,2.0,2.0,66.1,2.0,
1924.0,1.0,4.0,66.1,2.7,
1925.0,0.0,5.0,66.1,2.4,
1926.0,1.0,4.0,66.1,2.6,
1927.0,2.0,5.0,66.1,3.7,
1928.0,2.0,10.0,66.1,2.9,
1929.0,2.0,12.0,66.1,3.9,
1930.0,2.0,10.0,66.1,2.7,
1931.0,0.0,3.0,66.1,3.2,
1932.0,2.0,10.0,66.1,3.2,
1933.0,1.0,6.0,66.1,2.9,
1934.0,1.0,4.0,66.1,2.8,
1935.0,1.0,5.0,66.1,2.2,
1936.0,2.0,14.0,66.1,3.1,
1937.0,2.0,8.0,66.1,2.7,
1938.0,2.0,11.0,66.1,2.3,
1939.0,1.0,6.0,66.1,3.0,
1940.0,1.0,6.0,66.1,2.9,
1941.0,0.0,6.0,66.1,2.0,
1942.0,0.0,4.0,66.1,1.0,
1943.0,1.0,6.0,66.1,2.0,
1944.0,2.0,2.0,66.1,1.9,
1945.0,2.0,11.0,66.1,4.4,
1946.0,1.0,4.0,66.1,4.1,
1947.0,0.0,4.0,66.1,3.9,
1948.0,2.0,11.0,66.1,3.3,
1949.0,0.0,2.0,66.1,3.0,
1950.0,1.0,4.0,66.1,2.3,
1951.0,0.0,3.0,66.1,0.7,
1952.0,0.0,4.0,66.1,1.8,
1953.0,2.0,9.0,66.1,2.5,
1954.0,1.0,5.0,66.1,2.1,
1955.0,1.0,9.0,66.1,2.2,
1956.0,2.0,9.0,66.1,1.7,
1957.0,2.0,11.0,66.1,3.7,
1958.0,2.0,9.0,66.1,2.7,
1959.0,1.0,7.0,66.1,3.2,
1960.0,0.0,5.0,66.1,3.8,
1961.0,0.0,1.0,66.1,2.8,
1962.0,1.0,6.0,67.0,1.9,
1963.0,2.0,11.0,67.0,2.4,
1964.0,0.0,2.0,67.0,3.2,
1965.0,2.0,10.0,67.0,3.0,
1966.0,2.0,5.0,67.0,2.5,
1967.0,0.0,4.0,67.0,1.7,
1968.0,0.0,3.0,67.0,1.3,
1969.0,2.0,6.0,67.0,2.5,
1970.0,0.0,5.0,67.0,1.4,
1971.0,2.0,8.0,67.0,2.5,
1972.0,2.0,8.0,67.0,3.1,
1973.0,0.0,3.0,67.0,2.5,
1974.0,1.0,5.0,67.0,3.1,
1975.0,2.0,9.0,67.0,4.0,
1976.0,1.0,4.0,67.0,2.8,
1977.0,0.0,3.0,67.0,3.4,
1978.0,0.0,3.0,67.0,1.8,
1979.0,0.0,5.0,67.0,0.7,
1980.0,0.0,3.0,67.0,2.8,
1981.0,0.0,3.0,67.0,2.4,
1982.0,0.0,4.0,67.0,2.7,
1983.0,2.0,8.0,67.0,2.6,
1984.0,2.0,14.0,67.0,2.2,
1985.0,2.0,6.0,67.0,2.7,
1986.0,0.0,3.0,67.0,3.2,
1987.0,1.0,7.0,67.0,2.7,
1988.0,0.0,4.0,67.0,1.5,
1989.0,0.0,2.0,67.0,2.1,
1990.0,1.0,8.0,67.0,3.1,
1991.0,1.0,5.0,67.0,2.6,
1992.0,2.0,1.0,67.0,1.4,
1993.0,1.0,6.0,67.0,3.9,
1994.0,1.0,7.0,67.0,4.0,
1995.0,2.0,7.0,67.0,2.2,
1996.0,1.0,6.0,67.0,2.5,
1997.0,2.0,7.0,67.0,2.1,
1998.0,1.0,3.0,67.0,3.3,
1999.0,0.0,6.0,67.0,3.3,
