Request Id, Node ID( not used), Resource Requirement( not used), Starttime, Duration, Priority(0-Non C,1-crtical), Longitude, Latitude, Process Type( resource requirement covered in process tye)
0,1,4,0,2.6,0,3,20,1
1,0,5,0,2.1,0,12,15,5
2,0,5,0,1.5,0,10,5,2
3,0,4,0,3.4,1,10,1,2
4,2,9,0,3.9,1,11,5,2
5,0,1,0,2.2,0,16,2,2
6,2,6,0,3.7,0,19,12,6
7,2,5,0,1.4,0,3,10,3
8,0,5,0,2.7,0,8,15,1
9,1,5,0,2,0,11,19,1
10,0,3,0,2.6,0,2,1,1
11,1,6,0,3.8,0,5,16,1
12,0,5,0,2.9,0,9,19,6
13,1,8,0,2.8,1,2,6,3
14,1,5,0,4.2,0,1,6,2
15,2,10,0,2.9,1,20,4,5
16,1,4,0,3.6,1,1,0,3
17,2,7,0,2.2,0,18,2,6
18,1,6,0,2.7,1,12,15,3
19,0,1,0,3,1,7,19,5
20,2,7,0,2.2,1,13,18,3
21,0,1,0,0.8,1,9,15,6
22,1,3,0,3.1,0,0,19,5
23,2,4,0,2.4,0,15,6,5
24,0,3,0,0.9,1,19,3,5
25,1,5,0,1.3,0,13,13,6
26,0,2,0,1.9,1,1,17,2
27,2,5,0,2.3,0,10,15,2
28,1,4,0,2,0,15,18,5
29,2,8,0,2.7,0,0,13,1
30,1,5,0,2.9,0,15,18,4
31,1,1,0,1.8,1,17,10,3
32,0,1,0,3.6,1,10,16,2
33,2,5,0,2.9,1,12,18,6
34,1,2,0,0.6,1,15,6,1
35,2,11,0,2.2,1,7,18,2
36,2,6,0,2.1,0,8,4,5
37,0,4,0,2.1,1,10,3,1
38,1,5,0,2.6,0,13,1,2
39,2,10,0,1.1,0,9,20,3
40,1,5,0,3.8,1,2,8,5
41,0,4,0,1.5,0,13,1,3
42,1,5,0,2.7,1,20,5,4
43,0,5,0,1.4,1,18,13,2
44,0,5,0,3.2,0,14,1,1
45,0,2,0,2.7,1,6,19,6
46,0,3,0,3.2,1,5,4,5
47,2,2,0,2.7,0,3,19,6
48,1,3,0,0.9,0,17,16,4
49,1,2,0,1.9,1,12,9,2
50,1,3,0,3.7,1,2,1,1
51,1,5,0,2.6,1,1,3,2
52,1,3,0,2.8,1,9,2,6
53,1,6,0,3.4,0,11,9,6
54,0,4,0,2.8,0,19,18,3
55,1,4,0,3.6,0,15,18,4
56,1,8,0,3,1,6,12,6
57,0,1,0,4,1,15,13,5
58,2,3,0,1.9,1,3,0,5
59,0,2,0,2.7,0,8,3,6
60,2,8,0,0.9,1,15,4,4
61,2,10,0,1.9,0,3,1,4
62,1,7,0,1.9,0,2,4,2
63,0,3,0,3.3,1,8,10,4
64,2,10,2.6,1.6,1,12,18,6
65,2,6,2.6,2.4,0,0,18,5
66,0,6,2.6,2.2,0,14,7,2
67,1,5,2.6,3.9,0,19,9,2
68,2,9,2.6,2.4,0,15,6,2
69,0,2,2.6,2.1,0,2,5,2
70,1,7,2.6,2.4,0,8,7,5
71,1,8,2.6,1.9,0,19,0,1
72,0,3,2.6,2.5,1,6,15,6
73,0,2,2.6,3,1,15,8,2
74,0,6,2.6,1.1,1,2,18,3
75,0,3,2.6,2.1,0,8,17,6
76,2,12,2.6,0.9,1,15,19,5
77,0,2,2.6,2.8,0,20,17,4
78,0,4,2.6,2.5,0,1,14,1
79,1,6,2.6,3.7,1,0,10,2
80,2,2,2.6,2.2,0,11,13,2
81,2,10,2.6,2,0,19,5,2
82,0,6,2.6,2.2,1,7,19,2
83,1,2,2.6,2.4,1,2,15,4
84,0,3,2.6,2.6,1,1,11,2
85,2,5,2.6,3,0,5,13,2
86,2,9,2.6,2.7,0,4,8,6
87,1,5,2.6,3.3,0,13,17,4
88,1,2,2.6,4,1,20,2,1
89,2,8,2.6,2.3,1,1,0,4
90,2,8,2.6,1.6,1,9,18,3
91,0,5,2.6,2.5,0,5,10,4
92,1,4,2.6,3.5,0,11,7,5
93,2,8,2.6,2.1,0,8,16,4
94,1,6,2.6,3.4,0,15,4,3
95,1,8,2.6,3.9,1,18,15,6
96,2,7,2.6,2.9,1,17,15,1
97,1,5,2.6,3.2,1,13,2,5
98,1,7,2.6,2.8,0,3,15,6
99,2,11,2.6,3.9,1,14,6,5
100,0,5,2.6,2.6,1,7,13,4
101,1,5,2.6,2.8,1,3,13,6
102,2,13,2.6,2.2,0,5,18,1
103,1,6,2.6,3.4,0,0,18,1
104,2,5,2.6,3.5,1,9,16,3
105,0,6,2.6,0.7,0,5,2,4
106,2,7,2.6,2.9,1,11,18,6
107,2,2,2.6,2.9,0,6,11,3
108,1,4,2.6,2.9,1,0,10,3
109,0,2,2.6,2.5,1,11,18,1
110,2,5,2.6,2.2,0,12,14,3
111,2,6,2.6,2.6,1,19,10,5
112,0,4,2.6,3.7,0,1,8,5
113,2,8,2.6,2.1,0,15,13,6
114,1,3,2.6,3.9,0,19,9,1
115,2,11,2.6,1.8,0,14,13,1
116,1,6,2.6,2.2,0,5,9,3
117,2,6,2.6,2.4,1,12,14,3
118,2,5,2.6,3.1,1,1,1,4
119,2,11,2.6,3.3,1,16,1,2
120,0,4,2.6,1.7,1,16,2,3
121,0,3,2.6,1.4,0,1,9,1
122,0,1,2.6,3.2,0,16,8,2
123,1,4,2.6,2.7,0,15,19,6
124,0,4,2.6,3.6,0,3,1,4
125,1,4,2.6,1.3,0,18,18,5
126,1,1,2.6,1.9,0,0,9,1
127,0,4,2.6,3.2,1,16,19,6
128,0,1,2.6,2.3,1,19,2,5
129,2,9,2.6,2.3,1,3,0,6
130,2,14,2.6,2.9,0,13,8,5
131,2,6,2.6,3.7,0,14,18,4
132,1,3,2.6,3.2,1,16,15,4
133,0,1,2.6,2.3,1,10,13,5
134,2,12,2.6,4.5,0,16,15,5
135,1,8,2.6,3.1,1,0,5,3
136,1,8,2.6,3.4,1,15,7,6
137,2,1,5.6,2.9,1,11,0,6
138,0,6,5.6,3.2,0,15,17,3
139,0,3,5.6,2.4,0,7,16,1
140,0,5,5.6,1.7,1,7,10,2
141,2,3,5.6,2.2,1,14,3,3
142,1,6,5.6,2.4,1,15,6,1
143,2,4,5.6,0.9,0,14,13,6
144,2,14,5.6,2.1,0,1,4,6
145,2,8,5.6,1.4,1,3,14,1
146,0,4,5.6,1.3,0,9,19,3
147,2,7,5.6,2.1,0,14,19,2
148,1,7,5.6,2.4,1,6,20,1
149,1,4,5.6,3,0,16,0,2
150,1,4,5.6,2.9,0,2,10,1
151,0,3,5.6,1.4,0,1,6,5
152,2,13,5.6,0.8,1,4,9,3
153,1,4,5.6,2.4,0,17,14,1
154,0,3,5.6,1.4,0,4,0,1
155,2,10,5.6,0.6,0,17,5,2
156,0,3,5.6,1.1,1,14,11,1
157,0,3,5.6,4,1,8,6,2
158,2,10,5.6,3.4,1,14,1,4
159,2,3,5.6,2.7,1,3,9,5
160,1,6,5.6,2.3,1,15,18,1
161,0,4,5.6,1.5,0,8,11,6
162,0,5,5.6,2.5,1,18,1,6
163,0,1,5.6,1.9,0,1,8,6
164,1,6,5.6,1.9,1,3,16,4
165,2,11,5.6,2.3,0,1,7,2
166,2,14,5.6,1.6,0,6,10,6
167,1,6,5.6,1.5,1,15,7,5
168,2,3,5.6,3.1,0,19,16,4
169,2,5,5.6,2.4,0,4,5,2
170,1,4,5.6,3.6,0,12,1,5
171,2,9,5.6,0.5,1,6,17,2
172,2,3,5.6,4.1,0,13,0,6
173,1,5,5.6,1.7,0,9,8,1
174,2,4,5.6,1.7,1,2,7,4
175,0,3,5.6,3.1,0,5,19,4
176,0,5,5.6,2,0,15,3,6
177,0,4,5.6,1.4,1,9,5,1
178,0,1,5.6,3,0,3,15,6
179,1,3,5.6,1.7,0,6,7,6
180,1,3,5.6,2.3,0,7,12,4
181,2,8,5.6,3.8,0,17,3,3
182,1,2,5.6,2.9,0,20,20,5
183,1,6,5.6,3.5,1,6,3,2
184,2,3,5.6,3.4,1,15,12,5
185,2,12,5.6,1.6,0,7,6,1
186,0,2,5.6,2.2,0,18,2,1
187,1,1,5.6,2.3,1,0,16,5
188,1,6,5.6,2.6,0,15,14,2
189,1,7,5.6,3.2,0,18,16,3
190,1,4,5.6,1.7,1,12,10,1
191,2,7,5.6,4.2,1,3,12,1
192,1,2,5.6,2.2,1,0,7,6
193,2,2,5.6,1.8,1,1,18,5
194,0,4,5.6,1.9,1,10,12,2
195,0,4,5.6,2.5,1,9,11,5
196,0,5,5.6,3,1,13,14,2
197,1,8,5.6,2.8,1,6,7,2
198,0,3,8.8,3.5,1,5,6,1
199,1,2,8.8,2.8,1,1,10,3
200,1,6,8.8,1.1,1,0,10,5
201,2,8,8.8,3.2,0,3,4,2
202,1,7,8.8,3.9,0,11,20,5
203,1,4,8.8,2.7,0,6,16,4
204,1,8,8.8,3.1,1,11,3,1
205,0,4,8.8,1.1,0,15,11,1
206,2,3,8.8,2.8,1,18,8,6
207,1,6,8.8,3.4,1,0,17,4
208,2,12,8.8,1.7,0,16,10,2
209,1,5,8.8,3.6,0,13,8,6
210,1,6,8.8,2.1,0,10,2,1
211,2,8,8.8,1.9,1,0,18,4
212,2,4,8.8,2.7,0,15,1,3
213,1,7,8.8,2.8,1,1,9,4
214,0,4,8.8,2.2,1,19,12,2
215,2,6,8.8,2,0,7,11,5
216,2,10,8.8,1.8,1,12,8,5
217,1,7,8.8,1.8,0,9,16,5
218,0,3,8.8,2.7,1,6,5,1
219,1,6,8.8,1.6,1,3,8,6
220,0,3,8.8,2.4,1,1,13,1
221,2,10,8.8,3.9,1,3,19,6
222,1,5,8.8,3.7,1,7,20,1
223,0,5,8.8,2.3,0,9,6,2
224,2,6,8.8,2.9,0,14,4,2
225,2,9,8.8,1.9,1,0,2,6
226,2,9,8.8,2.4,1,4,1,2
227,0,4,8.8,2,0,6,1,4
228,2,11,8.8,3.1,0,19,20,3
229,0,4,8.8,1.6,0,7,1,6
230,1,4,8.8,3.9,0,3,18,2
231,0,3,8.8,2.1,1,2,12,6
232,0,4,8.8,3.7,0,19,4,3
233,1,8,8.8,2.7,0,20,17,3
234,0,2,8.8,2.6,1,18,14,4
235,1,6,8.8,0.8,1,7,17,6
236,1,7,8.8,3.2,1,7,2,6
237,1,5,8.8,2.8,0,5,11,3
238,0,2,8.8,0.8,1,18,20,4
239,1,6,8.8,2.7,0,1,1,1
240,2,10,8.8,4.1,0,10,8,4
241,2,7,8.8,3.2,1,5,3,5
242,0,2,8.8,2.7,0,0,0,1
243,2,5,8.8,2.4,1,0,20,4
244,1,7,8.8,2.6,0,10,15,2
245,0,4,8.8,2.8,1,15,4,1
246,2,3,8.8,3.5,0,17,7,4
247,0,3,8.8,1.6,0,7,8,4
248,2,10,8.8,2.2,0,5,17,2
249,1,7,8.8,3.2,1,6,13,3
250,0,6,8.8,2.4,0,2,5,3
251,1,6,8.8,2.1,0,18,10,4
252,2,10,8.8,2.2,0,2,19,6
253,0,1,8.8,4,0,9,17,3
254,2,5,8.8,1.9,1,15,19,2
255,0,4,8.8,2.7,0,16,9,5
256,0,4,8.8,0.8,1,14,15,1
257,0,2,8.8,3.4,0,3,8,2
258,1,5,8.8,1.9,0,6,5,5
259,1,6,8.8,3,0,14,13,4
260,2,9,8.8,1.6,0,20,3,6
261,1,2,8.8,1.2,1,8,10,4
262,0,4,8.8,3.6,0,10,7,6
263,0,3,8.8,4,0,13,6,2
264,2,10,8.8,3.6,1,9,20,6
265,0,4,8.8,1,0,9,8,4
266,2,12,8.8,1.2,1,5,15,5
267,0,2,8.8,2.3,1,18,15,5
268,1,7,8.8,2.2,1,9,11,3
269,2,9,8.8,1.2,0,10,12,2
270,2,7,8.8,3.5,0,12,8,6
271,0,1,12.7,1.6,0,12,10,5
272,2,7,12.7,3.4,1,16,6,1
273,0,5,12.7,1.6,1,5,6,4
274,1,3,12.7,1.8,0,8,16,6
275,2,9,12.7,1,0,20,13,1
276,1,7,12.7,3.6,1,14,19,5
277,2,11,12.7,1.4,0,9,0,1
278,0,3,12.7,2.1,1,16,1,2
279,0,3,12.7,2.7,1,4,5,5
280,1,3,12.7,2.2,0,16,15,5
281,2,7,12.7,2.3,0,9,13,6
282,1,6,12.7,3.7,0,6,18,3
283,0,2,12.7,2.7,1,12,17,6
284,1,2,12.7,3.2,1,19,4,1
285,1,2,12.7,4.7,1,7,12,3
286,2,9,12.7,1.9,1,10,10,2
287,1,2,12.7,1.9,0,16,13,1
288,2,5,12.7,2.2,0,2,4,1
289,1,3,12.7,2.5,1,7,18,2
290,1,5,12.7,2.6,0,20,12,6
291,2,12,12.7,2.6,0,1,2,1
292,0,4,12.7,2.6,0,8,6,6
293,1,8,12.7,2.8,1,6,3,1
294,1,2,12.7,1.8,1,2,1,5
295,1,3,12.7,2,0,9,10,6
296,2,11,12.7,2.6,1,6,0,6
297,1,3,12.7,2.9,0,9,8,2
298,0,2,12.7,1.6,1,3,2,2
299,1,3,12.7,2,0,11,12,1
300,2,9,12.7,3.3,1,9,19,1
301,2,7,12.7,1.7,1,11,4,2
302,1,6,12.7,3.2,1,12,1,1
303,2,3,12.7,0.8,1,5,9,6
304,2,8,12.7,1.1,1,17,16,3
305,2,4,12.7,2.7,0,8,20,1
306,2,4,12.7,3.2,0,9,19,3
307,0,4,12.7,2.3,0,8,17,1
308,0,5,12.7,3.2,1,15,1,5
309,0,2,12.7,2.8,1,6,6,2
310,2,5,12.7,2.9,0,4,16,2
311,1,5,12.7,2.6,0,6,13,2
312,1,4,12.7,2,1,7,10,1
313,1,4,12.7,3.5,1,1,10,3
314,0,4,12.7,3.2,1,7,2,5
315,1,4,12.7,3.2,1,8,1,2
316,0,5,12.7,3.9,1,14,16,5
317,1,6,12.7,1,0,13,2,2
318,2,11,12.7,0.6,1,16,11,6
319,1,4,12.7,2.3,0,5,16,5
320,1,6,12.7,1.5,1,4,13,2
321,0,4,12.7,3.7,1,14,19,2
322,1,8,12.7,1.9,1,14,8,3
323,0,4,12.7,2.3,0,10,2,1
324,0,3,12.7,2,0,2,2,4
325,1,3,12.7,3.7,0,7,16,2
326,1,2,12.7,2.1,1,14,5,5
327,0,5,12.7,1.4,0,20,6,4
328,1,3,12.7,2.6,0,5,19,4
329,1,2,12.7,3,0,15,8,2
330,1,4,12.7,1.5,0,7,16,1
331,0,4,12.7,1.7,1,7,4,5
332,2,9,12.7,3.3,0,14,18,4
333,0,3,15.7,2.3,1,12,11,6
334,0,5,15.7,3,0,3,7,1
335,2,5,15.7,2.8,1,8,8,2
336,2,7,15.7,0.9,1,5,12,3
337,2,8,15.7,1.7,1,6,16,1
338,0,3,15.7,3.3,0,0,5,4
339,0,4,15.7,1.4,0,17,16,1
340,2,11,15.7,1.1,1,11,12,5
341,0,5,15.7,1.9,0,16,13,1
342,2,7,15.7,1.5,0,11,2,6
343,1,9,15.7,3.9,1,18,4,4
344,2,4,15.7,2.6,0,9,0,6
345,2,13,15.7,1,0,2,13,5
346,0,4,15.7,2.6,1,17,16,4
347,1,3,15.7,1.4,1,14,19,1
348,0,1,15.7,2.6,1,6,1,4
349,2,10,15.7,1.5,1,0,0,2
350,2,10,15.7,3.4,1,11,9,3
351,0,4,15.7,3.6,0,2,18,5
352,0,1,15.7,1.8,1,16,17,2
353,2,13,15.7,1.4,1,2,10,1
354,1,9,15.7,3,1,2,3,5
355,0,2,15.7,2.2,0,2,0,4
356,2,7,15.7,2.8,1,19,9,6
357,1,4,15.7,2.5,1,0,15,5
358,0,4,15.7,1.9,0,9,17,6
359,1,3,15.7,2.6,0,6,1,5
360,2,8,15.7,3.3,0,15,20,1
361,2,7,15.7,1,0,7,16,5
362,0,4,15.7,1.1,1,13,14,5
363,1,2,15.7,3.8,0,4,20,3
364,2,6,15.7,1.2,1,20,10,1
365,1,5,15.7,2.2,0,19,10,4
366,2,5,15.7,3.2,1,19,4,5
367,2,10,15.7,2.7,1,1,20,1
368,0,2,15.7,2.8,1,0,16,1
369,0,2,15.7,2.8,0,2,10,1
370,1,2,15.7,3.8,1,19,12,3
371,1,7,15.7,1.7,1,13,14,2
372,2,8,15.7,1.6,0,8,9,5
373,1,1,15.7,3.2,1,2,10,5
374,0,3,15.7,1.8,0,19,8,1
375,0,3,15.7,1.9,0,20,11,4
376,1,3,15.7,3.1,1,13,15,1
377,0,1,15.7,1.5,0,12,3,3
378,2,8,15.7,3.2,1,20,4,2
379,0,3,15.7,3.9,0,9,2,1
380,2,8,15.7,3,1,19,19,2
381,2,6,15.7,2,1,11,18,6
382,2,8,15.7,2,1,3,11,1
383,2,7,15.7,1.3,0,5,5,2
384,2,10,15.7,4.1,0,3,11,3
385,1,6,15.7,1.8,1,5,19,1
386,2,11,15.7,2.7,1,19,0,3
387,1,4,15.7,2.7,0,5,18,2
388,2,8,15.7,3.2,0,13,3,5
389,2,15,15.7,3.9,0,9,11,5
390,2,11,15.7,2.8,0,13,0,1
391,2,1,15.7,4,0,19,2,3
392,0,3,15.7,3.2,0,7,11,4
393,2,7,15.7,1.5,1,16,11,6
394,1,8,15.7,3.3,1,7,8,3
395,0,5,15.7,2.5,0,10,16,5
396,0,4,15.7,3.4,0,0,19,3
397,1,6,15.7,2.6,0,3,3,4
398,1,7,15.7,1.7,1,13,4,3
399,1,5,15.7,1.2,1,7,7,6
400,1,7,15.7,2.7,1,18,9,2
401,2,6,15.7,1,1,12,20,5
402,1,4,15.7,2.2,1,12,6,4
403,1,7,15.7,2.3,0,3,9,5
404,2,5,15.7,3.4,1,2,7,2
405,1,2,15.7,1.4,1,15,15,3
406,2,3,15.7,2.5,1,14,11,6
407,1,5,15.7,1.1,1,14,18,3
408,1,7,15.7,3.3,1,0,7,6
409,0,2,15.7,2.7,1,13,5,1
410,1,4,15.7,1.7,0,8,2,6
411,1,6,15.7,1.8,1,15,1,3
412,0,5,19.9,0.8,1,14,6,2
413,2,5,19.9,3,1,1,11,5
414,2,5,19.9,2.8,1,14,2,6
415,0,2,19.9,2.6,1,6,8,3
416,0,1,19.9,2.7,0,7,14,3
417,1,9,19.9,2.7,0,15,14,1
418,1,7,19.9,3.4,1,20,7,3
419,0,6,19.9,2,0,10,6,4
420,0,4,19.9,2.4,1,4,15,3
421,1,6,19.9,2.4,0,9,2,6
422,2,8,19.9,2.6,1,6,9,6
423,2,8,19.9,4,0,18,17,6
424,1,7,19.9,1.5,0,17,5,5
425,0,3,19.9,2.2,0,15,19,1
426,0,3,19.9,0.6,0,4,19,2
427,0,3,19.9,2.1,1,14,20,3
428,1,6,19.9,1.6,0,10,20,2
429,0,3,19.9,0.8,0,9,10,4
430,2,5,19.9,3.6,0,5,15,6
431,2,4,19.9,2,1,1,11,6
432,2,4,19.9,2.1,1,14,0,4
433,2,5,19.9,1.9,0,1,1,3
434,1,6,19.9,2,1,9,11,1
435,2,11,19.9,2.3,0,19,11,1
436,2,4,19.9,2.1,0,19,12,1
437,0,1,19.9,2.6,1,2,10,5
438,1,5,19.9,3.2,0,16,3,4
439,1,3,19.9,3,1,15,6,2
440,1,8,19.9,1.7,1,20,10,5
441,2,7,19.9,0.5,1,13,18,3
442,2,10,19.9,2.1,0,12,1,3
443,0,4,19.9,2.4,1,6,13,1
444,1,4,19.9,2.3,1,15,14,3
445,1,9,19.9,1,1,4,11,2
446,2,3,19.9,3.8,0,14,1,4
447,2,5,19.9,4.7,1,6,10,1
448,0,2,19.9,1.4,1,7,2,6
449,1,5,19.9,3.1,1,20,19,4
450,2,4,19.9,1.6,0,2,6,2
451,0,5,19.9,0.9,0,16,14,4
452,1,8,19.9,0.7,1,10,4,5
453,2,6,19.9,2.2,0,1,12,5
454,1,6,19.9,1.6,0,13,3,1
455,0,5,19.9,2.8,1,5,16,2
456,0,1,19.9,1.6,0,6,17,5
457,1,5,19.9,2.6,1,6,1,3
458,0,4,19.9,1.8,1,20,13,5
459,2,9,19.9,2.2,1,3,14,3
460,1,7,19.9,3.1,1,8,17,1
461,0,4,19.9,3.8,1,16,8,2
462,0,2,19.9,1.3,0,16,6,4
463,2,2,19.9,2.5,0,15,18,3
464,2,15,19.9,3.1,1,16,12,2
465,2,11,19.9,1.9,1,3,15,6
466,2,6,19.9,1.8,1,1,2,5
467,2,10,19.9,4.1,1,7,18,6
468,0,3,19.9,1.5,0,5,19,5
469,0,2,19.9,4.2,0,0,18,5
470,0,4,19.9,2.8,1,18,3,2
471,1,5,19.9,3.7,0,7,17,5
472,1,3,19.9,1.1,0,4,3,1
473,0,3,19.9,0.5,1,7,15,2
474,2,10,19.9,2.3,0,12,6,3
475,2,8,19.9,1.6,1,1,6,2
476,0,3,19.9,3.9,1,8,7,3
477,0,4,19.9,3.2,1,19,13,6
478,0,5,19.9,2.2,0,15,9,5
479,2,10,19.9,2.4,1,3,1,1
480,1,5,19.9,3,0,12,20,3
481,1,6,19.9,3.5,0,9,18,5
482,2,12,19.9,2.8,1,9,4,4
483,1,2,19.9,3.6,0,13,13,6
484,0,4,19.9,4,1,4,16,1
485,1,8,19.9,0.6,1,4,6,2
486,1,9,19.9,1.4,1,1,7,1
487,1,3,19.9,3.3,1,5,16,3
488,0,2,19.9,3.7,1,2,18,4
489,1,5,19.9,1.4,0,7,16,3
490,2,3,19.9,1.3,0,11,19,5
491,0,6,19.9,0.9,1,16,7,5
492,2,5,19.9,2.7,1,1,10,3
493,1,4,19.9,3.3,0,18,9,2
494,1,4,23.7,2.8,0,13,19,3
495,0,6,23.7,4.5,1,0,2,5
496,2,3,23.7,2.3,1,1,18,1
497,0,1,23.7,3.1,1,13,12,2
498,2,10,23.7,2.1,0,19,19,3
499,2,9,23.7,2.4,0,9,15,2
500,1,5,23.7,3.6,0,20,17,1
501,1,4,23.7,0.7,1,9,4,3
502,1,9,23.7,2.4,1,10,2,3
503,2,6,23.7,2.3,1,2,18,4
504,1,9,23.7,2.8,1,2,12,6
505,0,4,23.7,2.3,0,20,20,1
506,0,3,23.7,2.5,0,7,9,4
507,0,3,23.7,2.6,0,4,11,1
508,1,2,23.7,3.6,0,7,10,2
509,1,8,23.7,3.1,1,1,6,5
510,1,1,23.7,3.5,1,8,0,6
511,2,10,23.7,2.5,1,16,3,2
512,0,3,23.7,2.4,1,2,2,5
513,1,6,23.7,1.8,1,6,14,1
514,0,2,23.7,1.5,0,5,19,3
515,1,7,23.7,2.6,1,7,6,1
516,1,5,23.7,3,0,19,13,6
517,2,8,23.7,2.6,0,8,18,1
518,1,2,23.7,0.9,0,16,6,2
519,1,1,23.7,1.3,1,20,14,1
520,1,8,23.7,2.9,0,15,10,5
521,0,4,23.7,0.5,0,15,4,4
522,0,3,23.7,2.7,0,12,12,5
523,2,7,23.7,2.5,0,14,20,1
524,0,4,23.7,1.1,0,16,14,1
525,0,2,23.7,0.8,1,9,0,5
526,0,5,23.7,3.5,1,3,6,4
527,0,4,23.7,1.1,0,14,17,3
528,0,4,23.7,2.3,1,11,5,3
529,2,4,23.7,3.7,0,5,11,1
530,0,2,23.7,3.8,0,4,1,5
531,1,4,23.7,2.1,1,11,8,3
532,1,5,23.7,2.3,0,5,1,2
533,1,5,23.7,2.7,0,13,7,2
534,0,3,23.7,3.5,0,7,11,4
535,0,5,23.7,1.5,0,20,7,6
536,0,3,23.7,2.8,0,16,15,1
537,0,3,23.7,2.5,1,4,12,2
538,1,8,23.7,2.3,0,9,11,3
539,1,7,23.7,1.5,0,0,19,4
540,2,11,23.7,2.9,0,16,12,2
541,2,10,23.7,1.9,1,2,20,4
542,2,12,23.7,1.9,1,13,2,5
543,2,3,23.7,1,1,12,14,3
544,0,3,23.7,1,0,18,0,2
545,0,3,23.7,1.4,0,18,20,1
546,1,3,23.7,0.8,0,5,0,2
547,0,4,23.7,0.9,1,15,15,3
548,0,3,23.7,2.1,0,17,12,6
549,2,12,23.7,1.6,1,2,11,1
550,1,2,23.7,1.3,0,19,9,2
551,0,4,23.7,2.8,1,8,9,1
552,1,3,23.7,3,1,15,9,5
553,0,3,23.7,3.4,1,4,19,3
554,2,10,23.7,1.7,0,16,19,6
555,1,5,23.7,1.5,1,3,19,2
556,2,6,23.7,2.7,0,14,12,5
557,0,3,23.7,2.3,1,1,5,3
558,1,4,23.7,2.1,0,19,6,1
559,0,6,23.7,3.7,1,16,9,5
560,1,4,23.7,2.5,1,19,5,4
561,1,7,23.7,1.7,1,17,11,3
562,1,2,23.7,2.1,0,20,7,5
563,2,4,23.7,1.4,1,17,18,3
564,2,13,23.7,2.1,1,10,11,1
565,2,14,23.7,3.8,0,1,7,4
566,2,8,23.7,3.2,0,3,4,4
567,1,6,23.7,3,0,19,7,1
568,1,7,23.7,2.4,1,18,4,3
569,2,10,23.7,3.6,0,17,8,1
570,0,3,23.7,2.2,0,19,1,1
571,1,4,23.7,1.8,1,3,17,6
572,0,2,23.7,2.4,0,11,17,2
573,1,4,23.7,1.6,0,7,10,1
574,2,11,23.7,1.3,1,18,6,4
575,2,3,23.7,2,0,16,15,1
576,1,7,23.7,1.2,1,13,8,6
577,0,4,23.7,2.8,0,10,19,6
578,0,4,23.7,2.3,1,15,1,3
579,2,7,25.6,1.5,1,3,13,5
580,2,3,25.6,1.3,0,9,14,4
581,0,4,25.6,3.6,0,9,11,6
582,1,6,25.6,2.7,1,20,7,2
583,2,8,25.6,3.6,0,8,13,5
584,0,3,25.6,2.7,0,14,0,3
585,1,2,25.6,2.1,1,19,17,3
586,1,4,25.6,2,1,8,2,4
587,0,3,25.6,2.7,0,4,5,2
588,2,8,25.6,2.3,1,10,12,1
589,2,3,25.6,2.3,1,6,14,2
590,2,9,25.6,2.3,1,17,10,5
591,0,4,25.6,3.1,0,19,5,5
592,1,4,25.6,2.2,0,13,1,4
593,0,1,25.6,3.3,0,5,1,3
594,1,5,25.6,1.4,0,11,11,1
595,1,7,25.6,1.8,1,3,1,6
596,2,7,25.6,1.9,1,1,17,5
597,0,2,25.6,3.3,1,10,12,3
598,2,9,25.6,1.9,0,20,10,1
599,2,11,25.6,3.1,1,14,9,3
600,0,5,25.6,2.5,0,5,9,2
601,1,5,25.6,3.5,0,16,19,3
602,1,1,25.6,3.2,0,5,0,6
603,0,3,25.6,1.7,0,6,9,3
604,0,3,25.6,2,0,14,17,3
605,2,10,25.6,3.9,0,5,2,6
606,0,6,25.6,3.3,1,5,14,5
607,2,3,25.6,2.9,0,2,18,6
608,0,3,25.6,1.8,0,14,0,6
609,2,10,25.6,2.8,1,7,2,1
610,2,4,25.6,1,1,13,6,2
611,0,4,25.6,2.1,1,18,15,1
612,0,4,25.6,1.7,0,1,13,3
613,0,5,25.6,1.7,1,0,5,4
614,1,4,25.6,0.9,1,9,5,3
615,1,5,25.6,1.4,1,1,19,6
616,1,6,25.6,2.7,0,18,7,5
617,2,11,25.6,3.1,0,16,7,1
618,0,5,25.6,3.2,0,9,14,5
619,1,5,25.6,2,0,5,9,6
620,1,3,25.6,2.4,0,17,0,3
621,1,1,25.6,2.8,0,2,17,1
622,1,7,25.6,2.7,0,2,18,4
623,0,3,25.6,3.1,1,6,1,3
624,1,4,25.6,2.8,1,11,3,5
625,1,1,25.6,2,0,3,9,1
626,1,4,25.6,1.5,0,12,16,5
627,1,2,25.6,2.1,0,15,3,6
628,2,7,25.6,3,1,14,5,1
629,1,1,25.6,4,1,16,11,1
630,2,10,25.6,3.1,1,19,5,4
631,1,5,25.6,2.7,0,0,17,3
632,0,6,25.6,4.2,0,7,4,2
633,2,10,25.6,2.4,1,7,13,2
634,1,4,25.6,2.3,1,19,1,3
635,1,3,25.6,3.2,0,14,2,2
636,2,12,25.6,2.4,0,10,0,1
637,2,6,25.6,2,0,0,3,1
638,2,4,25.6,2.1,1,15,3,4
639,0,1,25.6,1.8,0,9,20,3
640,0,4,25.6,2,0,14,20,1
641,0,4,25.6,1.1,0,5,0,3
642,0,1,25.6,3.7,0,0,16,1
643,0,5,25.6,2.8,0,7,19,3
644,2,13,25.6,1.3,1,1,4,6
645,0,4,25.6,3.1,0,13,9,1
646,0,4,25.6,3.5,0,14,9,1
647,0,4,25.6,2.6,0,20,18,2
648,1,6,25.6,3.4,1,0,10,3
649,0,6,25.6,2.9,1,18,8,4
650,1,5,25.6,3.7,1,4,12,2
651,1,4,25.6,3.5,0,13,3,1
652,0,2,25.6,4,0,14,13,4
653,0,5,25.6,3.1,0,6,5,3
654,0,3,25.6,0.8,1,3,1,2
655,1,5,25.6,1.5,1,8,19,2
656,2,11,25.6,3.2,1,2,11,1
657,1,6,25.6,3,1,2,17,6
658,2,13,25.6,0.8,0,1,9,5
659,1,5,27.1,1.4,0,0,4,5
660,1,9,27.1,2.5,0,3,6,6
661,0,4,27.1,2,0,5,20,2
662,0,3,27.1,2.1,0,0,11,5
663,0,5,27.1,4.2,1,9,16,4
664,2,3,27.1,1.4,0,4,4,5
665,1,4,27.1,1.4,0,16,18,3
666,0,3,27.1,2.2,0,1,17,3
667,1,4,27.1,2.2,0,1,10,4
668,2,14,27.1,3.5,0,20,10,6
669,2,9,27.1,2.2,1,16,3,1
670,2,7,27.1,2.5,1,3,3,3
671,2,7,27.1,2.9,1,0,0,2
672,0,3,27.1,1.2,0,14,1,3
673,2,13,27.1,3.2,1,20,3,1
674,2,9,27.1,3.5,1,18,8,1
675,2,12,27.1,1.7,1,7,10,1
676,1,4,27.1,2.9,0,5,18,1
677,2,10,27.1,2.2,0,1,1,3
678,2,10,27.1,1.7,0,12,18,4
679,2,4,27.1,3.4,0,3,5,4
680,0,1,27.1,1.6,1,7,19,2
681,1,3,27.1,2.3,0,20,3,6
682,0,3,27.1,3,0,20,13,3
683,0,2,27.1,3.8,1,3,1,3
684,1,6,27.1,1.9,1,15,18,6
685,1,4,27.1,1.4,1,4,2,5
686,2,7,27.1,2.9,0,15,0,2
687,2,6,27.1,3.3,0,15,12,5
688,1,6,27.1,4.5,0,5,7,6
689,2,6,27.1,3.2,0,16,14,1
690,2,10,27.1,3.8,1,17,6,3
691,0,3,27.1,2.1,0,20,17,2
692,2,12,27.1,2.9,1,13,0,1
693,2,8,27.1,1,0,2,19,2
694,2,9,27.1,2.3,1,11,11,5
695,2,15,27.1,4,0,20,11,3
696,0,2,27.1,2.6,0,15,13,6
697,2,14,27.1,1.7,1,14,7,2
698,1,4,27.1,4.1,0,0,16,4
699,2,7,27.1,3,0,13,9,3
700,2,8,27.1,2.4,0,6,17,4
701,2,8,27.1,4.3,0,6,15,4
702,1,5,27.1,1.6,1,15,10,4
703,2,13,27.1,3.1,0,18,2,6
704,1,2,27.1,2.6,1,13,1,3
705,0,5,27.1,2.9,1,5,15,1
706,0,5,27.1,3.1,0,3,1,1
707,2,6,27.1,1.6,0,19,20,1
708,2,11,27.1,0.7,0,1,18,6
709,0,2,27.1,1.5,0,4,8,1
710,1,3,27.1,3.4,1,12,20,5
711,2,10,27.1,3.8,0,9,1,4
712,0,2,27.1,2.9,0,19,19,5
713,2,7,27.1,2.7,0,2,13,5
714,1,1,27.1,3.3,1,17,13,5
715,1,6,27.1,1.8,1,11,8,2
716,2,6,27.1,2.5,1,11,11,5
717,1,8,27.1,4.1,0,13,5,3
718,2,4,27.1,2.4,1,12,18,1
719,2,6,27.1,1.9,0,8,3,3
720,2,8,27.1,3.4,1,0,1,3
721,1,6,27.1,3.8,1,18,9,5
722,1,4,27.1,1.6,0,10,1,5
723,2,10,27.1,2.9,0,12,0,4
724,0,3,27.1,1.2,0,6,10,5
725,0,6,27.1,2.2,1,18,10,3
726,0,3,27.1,2.5,0,0,5,3
727,2,10,27.1,2.7,0,1,17,4
728,1,5,27.1,1.7,0,9,7,1
729,1,5,27.1,3.6,1,3,17,3
730,2,9,27.1,2.3,0,14,14,4
731,1,7,27.1,1.5,0,8,19,4
732,2,12,27.1,1.2,0,6,14,6
733,0,4,27.1,1.8,1,3,18,3
734,0,6,27.1,0.3,0,3,9,3
735,0,3,27.1,1.4,1,17,11,2
736,1,5,27.1,2.9,0,7,9,5
737,1,8,27.1,3,0,9,5,4
738,0,2,27.1,3.6,0,13,20,1
739,0,2,27.1,3.5,1,5,19,3
740,1,3,27.1,2,0,5,2,5
741,2,9,27.1,3.7,0,19,0,5
742,1,5,27.1,3.1,1,8,4,1
743,2,11,27.1,1.7,1,7,18,2
744,0,2,27.1,1.2,1,7,19,3
745,0,4,27.1,4.1,0,15,2,4
746,0,6,27.1,1.5,0,6,5,5
747,2,5,31.1,4.1,0,12,6,4
748,2,8,31.1,4,0,8,8,5
749,2,9,31.1,1.9,1,15,1,1
750,2,7,31.1,0.8,0,7,7,4
751,2,11,31.1,3,0,20,14,1
752,1,7,31.1,2.8,0,1,10,2
753,2,10,31.1,2.6,0,10,7,4
754,1,5,31.1,3.8,1,0,17,1
755,2,7,31.1,2.8,0,12,5,3
756,2,4,31.1,2.5,1,17,17,3
757,2,8,31.1,4.2,1,1,12,4
758,1,7,31.1,2.9,1,2,19,2
759,1,5,31.1,3.5,1,16,16,1
760,0,1,31.1,2.2,0,5,14,5
761,2,9,31.1,1.8,1,3,1,2
762,0,4,31.1,2.9,1,14,3,6
763,0,6,31.1,1.3,1,0,8,3
764,0,3,31.1,2.7,0,6,1,4
765,1,6,31.1,2.1,0,15,2,2
766,0,5,31.1,2.9,1,6,0,3
767,0,2,31.1,3.4,0,10,7,4
768,1,9,31.1,3.1,1,17,0,3
769,1,3,31.1,2.7,1,4,16,6
770,1,3,31.1,2.2,0,11,4,4
771,0,1,31.1,2.3,0,19,5,6
772,2,9,31.1,3.5,0,19,7,2
773,1,6,31.1,4,1,17,2,6
774,2,6,31.1,3.5,1,9,6,3
775,2,2,31.1,2,1,7,6,3
776,1,9,31.1,3.9,1,11,12,5
777,2,3,31.1,2.2,1,20,9,5
778,1,8,31.1,1,0,1,12,1
779,1,4,31.1,1.5,0,15,8,5
780,1,8,31.1,4,0,9,18,1
781,2,10,31.1,3.1,1,6,1,1
782,2,5,31.1,1.9,1,19,16,4
783,0,3,31.1,2.8,1,16,7,2
784,0,4,31.1,1,0,20,2,2
785,2,7,31.1,2.8,1,19,12,4
786,2,8,31.1,2.1,1,17,19,2
787,1,5,31.1,2,1,7,5,2
788,1,3,31.1,2.7,1,16,10,5
789,0,2,31.1,2,0,3,20,3
790,1,7,31.1,2.5,1,15,18,2
791,1,1,31.1,1.6,1,17,9,6
792,0,3,31.1,1.5,0,19,18,2
793,0,1,31.1,2.2,0,0,16,6
794,1,4,31.1,4,0,0,9,6
795,0,5,31.1,2.3,0,10,0,3
796,1,5,31.1,2.2,1,15,0,6
797,2,11,31.1,2.8,0,13,7,1
798,2,5,31.1,3.7,0,5,15,5
799,0,5,31.1,3.5,0,9,16,4
800,1,7,31.1,1.7,1,7,8,3
801,1,7,31.1,4.2,1,2,16,1
802,0,5,31.1,3,1,20,18,1
803,2,11,31.1,3,1,13,12,6
804,1,7,31.1,2.8,1,7,3,1
805,1,4,31.1,1.7,0,2,5,4
806,2,12,31.1,3.7,0,15,0,6
807,2,5,31.1,4,1,13,19,4
808,0,5,31.1,2.4,1,16,16,1
809,0,4,31.1,2.3,1,10,19,5
810,2,7,31.1,3.8,1,12,9,6
811,2,5,31.1,2,1,6,11,3
812,2,8,31.1,2.5,1,7,7,2
813,2,13,31.1,3.7,0,6,18,2
814,0,1,31.1,1.8,0,12,2,3
815,2,6,31.1,4.4,1,20,11,6
816,0,2,31.1,2.7,1,8,13,5
817,0,5,31.1,2.6,1,16,15,5
818,1,4,31.1,3.8,0,6,11,3
819,0,4,31.1,4.2,1,10,3,2
820,0,3,31.1,2.3,0,3,16,6
821,1,6,31.1,2.6,0,18,1,1
822,2,8,31.1,3.3,0,4,2,3
823,0,3,31.1,1.2,0,2,2,1
824,1,3,31.1,2.9,0,0,13,2
825,2,7,31.1,1.5,0,9,6,4
826,2,4,31.1,2,1,7,15,4
827,2,8,31.1,2.5,1,14,16,1
828,1,4,31.1,2.5,1,13,0,2
829,0,2,31.1,2.3,1,19,11,1
830,2,9,35.2,2.1,1,12,15,3
831,0,2,35.2,1.8,1,8,19,1
832,1,6,35.2,1.6,0,18,18,1
833,2,10,35.2,4,1,9,0,4
834,1,4,35.2,2.2,0,7,1,5
835,2,1,35.2,2.9,1,20,5,2
836,0,3,35.2,1.6,1,19,3,6
837,2,3,35.2,1.2,1,9,16,6
838,1,8,35.2,3.4,1,19,10,5
839,1,2,35.2,2.5,0,12,17,5
840,0,3,35.2,1.3,0,1,10,5
841,1,6,35.2,1.6,0,4,6,2
842,0,3,35.2,0.6,0,8,18,2
843,2,8,35.2,2.3,0,19,5,4
844,0,3,35.2,2.5,0,20,6,1
845,0,2,35.2,1.7,0,17,17,3
846,1,4,35.2,2.3,0,5,1,1
847,2,12,35.2,2.9,1,9,14,4
848,0,5,35.2,1.8,0,15,20,6
849,2,9,35.2,1.9,0,17,8,6
850,2,4,35.2,3.9,1,8,12,3
851,2,5,35.2,2.3,0,2,2,3
852,1,4,35.2,2.1,0,2,9,4
853,1,4,35.2,3.1,0,13,4,3
854,1,7,35.2,3.3,0,7,19,3
855,0,5,35.2,1.4,1,10,14,2
856,2,7,35.2,3,1,9,12,6
857,2,7,35.2,3.8,1,5,16,6
858,1,4,35.2,4.2,0,12,4,3
859,0,3,35.2,1.9,1,10,7,2
860,0,3,35.2,4,0,8,6,1
861,2,5,35.2,3.4,0,19,8,4
862,0,3,35.2,3.5,0,19,20,4
863,2,7,35.2,2.4,1,2,4,3
864,1,5,35.2,2.9,1,14,5,4
865,0,3,35.2,3.1,1,13,4,4
866,0,3,35.2,3.4,0,3,12,2
867,1,4,35.2,2.8,1,17,7,1
868,1,3,35.2,1.6,1,18,7,5
869,1,4,35.2,2.2,1,7,13,5
870,1,5,35.2,3.8,1,18,19,5
871,0,5,35.2,2.3,1,4,20,5
872,0,3,35.2,2.4,0,1,5,4
873,2,3,35.2,1.7,0,16,8,1
874,1,3,35.2,3.5,0,0,11,3
875,1,5,35.2,2.7,1,0,15,1
876,0,5,35.2,1.2,1,16,20,3
877,1,4,35.2,1.5,0,20,12,1
878,1,6,35.2,2.2,0,10,16,6
879,0,3,35.2,2.5,1,20,15,2
880,0,4,35.2,3.4,0,12,5,2
881,1,8,35.2,2.2,1,16,10,5
882,0,4,35.2,2.3,1,6,20,2
883,0,4,35.2,2.2,1,14,9,3
884,1,3,35.2,1.4,0,20,18,3
885,2,12,35.2,1.8,0,4,5,2
886,0,6,35.2,2.4,0,0,2,2
887,2,11,35.2,1.2,1,1,0,6
888,0,4,35.2,2.2,1,18,6,5
889,2,14,35.2,1,1,16,13,2
890,2,11,35.2,2.9,1,20,1,5
891,1,3,35.2,4.1,0,19,0,4
892,0,4,35.2,3,1,3,18,2
893,2,7,35.2,2,1,9,6,6
894,0,2,35.2,2.7,1,7,20,2
895,0,3,35.2,3.1,0,8,14,2
896,1,7,35.2,0.9,1,9,11,5
897,0,4,35.2,3.7,0,9,4,2
898,0,5,35.2,0.8,1,20,12,5
899,0,4,35.2,2.4,1,8,18,6
900,1,3,35.2,3.8,0,12,10,4
901,2,12,35.2,2.3,1,3,10,3
902,0,6,35.2,2.5,0,19,11,3
903,2,7,35.2,2.5,1,5,2,5
904,0,4,35.2,3.2,1,10,1,6
905,2,4,35.2,1.6,1,5,14,1
906,1,5,35.2,2,1,6,13,2
907,0,3,35.2,2.1,1,11,17,3
908,0,1,35.2,2.8,1,2,7,4
909,2,5,35.2,1.5,1,13,13,6
910,0,6,35.2,1.7,1,2,12,6
911,1,6,35.2,4.4,1,14,6,4
912,1,3,35.2,1.3,1,3,12,1
913,2,11,35.2,2.7,1,2,8,1
914,0,3,35.2,0.7,0,18,9,2
915,2,3,35.2,2.4,0,20,9,1
916,1,9,35.2,2.2,1,12,3,6
917,2,7,35.2,3.4,0,15,19,4
918,2,9,35.2,3.3,1,15,15,3
919,2,1,39,1,0,7,0,1
920,1,6,39,1.8,0,13,7,3
921,1,8,39,1.5,1,7,5,1
922,2,6,39,2.1,1,20,2,6
923,2,11,39,4,0,16,6,1
924,0,5,39,1.6,0,11,3,1
925,1,6,39,1.4,1,16,12,6
926,2,9,39,2.4,1,17,10,3
927,1,5,39,1.3,0,4,10,5
928,0,4,39,3,1,9,18,2
929,1,5,39,2.8,0,4,10,5
930,0,2,39,3.2,0,16,15,6
931,2,10,39,3.7,0,11,3,1
932,0,3,39,2.6,0,5,15,6
933,2,5,39,3.1,0,20,19,2
934,1,9,39,3.7,1,1,9,3
935,1,8,39,2.3,0,2,19,3
936,2,7,39,2.3,1,1,9,3
937,0,5,39,1.7,1,9,9,6
938,0,6,39,1.9,0,18,0,1
939,0,1,39,2.3,0,19,4,3
940,2,10,39,2.8,1,1,10,4
941,2,4,39,1.5,0,5,20,2
942,0,3,39,0.5,1,9,8,4
943,1,5,39,0.8,0,2,17,6
944,1,7,39,4.3,1,18,19,4
945,0,3,39,2.4,0,18,19,1
946,0,1,39,1.7,0,4,1,6
947,2,13,39,1.4,1,10,1,6
948,2,1,39,3.1,1,1,1,3
949,2,8,39,2.8,1,7,12,6
950,2,12,39,1.8,1,0,2,3
951,0,4,39,3,1,13,18,4
952,2,11,39,3.2,1,16,19,4
953,2,1,39,2.2,0,1,12,1
954,1,2,39,4.4,1,4,5,4
955,0,6,39,1.4,0,20,1,6
956,2,11,39,3.4,1,7,15,4
957,0,4,39,3.7,1,11,2,3
958,0,1,39,3,0,17,1,3
959,1,3,39,2.7,1,16,8,3
960,2,4,39,3.6,1,16,2,2
961,0,2,39,1.7,0,11,14,4
962,1,8,39,3.1,0,8,19,6
963,2,10,39,3.2,0,18,14,5
964,2,8,39,1.9,1,12,19,6
965,2,4,39,1.9,0,14,0,5
966,1,6,39,2.1,0,2,5,5
967,1,5,39,3.5,1,15,17,5
968,0,3,39,2.6,1,8,12,2
969,1,8,39,2.9,0,19,8,1
970,2,3,39,2,1,7,15,4
971,2,8,39,1.6,1,1,7,1
972,1,8,39,2.9,0,5,14,3
973,2,14,39,1,1,4,15,4
974,1,2,39,2.3,1,2,4,5
975,2,9,39,3.5,1,0,3,3
976,1,6,39,2.3,0,19,15,2
977,0,5,39,2.2,0,18,18,4
978,1,6,39,3.2,0,4,17,2
979,2,13,39,1.5,1,14,8,4
980,1,7,39,2.7,0,19,15,4
981,0,4,39,4.2,1,1,13,6
982,1,8,39,3.3,1,3,7,2
983,1,6,39,1.6,1,7,19,5
984,0,6,39,2.2,0,14,20,1
985,1,3,39,2.2,1,9,9,1
986,1,4,39,1,0,8,12,6
987,1,7,39,3,1,6,20,2
988,0,5,39,2.7,1,10,12,2
989,1,2,39,4,0,10,11,1
990,2,11,39,1.9,1,12,5,1
991,0,5,39,1.5,1,19,2,5
992,0,5,39,3,1,12,1,6
993,2,2,39,2.6,0,16,0,5
994,0,2,39,3.1,0,7,15,1
995,0,1,39,1.3,1,10,1,2
996,1,5,39,4.1,1,1,14,6
997,1,3,39,1.5,0,18,15,1
998,1,7,39,3.3,0,1,13,5
999,1,4,39,3.8,0,1,2,1
1000,2,10,39,2.6,0,14,14,3
1001,0,1,39,3.8,0,12,2,1
1002,2,6,39,2.8,1,2,14,1
1003,2,14,39,2,1,6,20,3
1004,1,7,39,2.8,0,14,20,1
1005,0,6,39,1.8,1,7,7,4
1006,0,4,39,2.2,1,8,7,5
1007,2,5,39.5,2.9,0,13,7,5
1008,0,4,39.5,3.8,0,13,12,2
1009,0,3,39.5,2.5,1,4,9,6
1010,2,1,39.5,1,0,14,12,2
1011,0,3,39.5,4.1,1,16,19,4
1012,1,2,39.5,0.7,1,10,19,4
1013,2,5,39.5,0.7,1,15,18,2
1014,0,6,39.5,2.2,0,18,10,4
1015,1,1,39.5,3,0,8,12,6
1016,1,6,39.5,1.1,0,3,4,1
1017,0,3,39.5,1.5,0,12,20,1
1018,1,2,39.5,2.1,0,7,1,6
1019,1,5,39.5,2.1,0,6,6,6
1020,0,5,39.5,2,1,1,19,4
1021,0,5,39.5,3.8,0,14,15,2
1022,1,8,39.5,1.7,1,13,15,2
1023,0,6,39.5,3.1,1,5,15,6
1024,2,10,39.5,0.9,0,8,1,6
1025,0,3,39.5,3.2,1,20,10,1
1026,1,4,39.5,1.6,0,0,17,4
1027,2,5,39.5,2.2,1,7,10,4
1028,1,4,39.5,2.4,1,20,13,1
1029,2,10,39.5,1.7,0,9,13,3
1030,2,11,39.5,3.2,1,9,2,4
1031,1,3,39.5,3.7,1,20,10,6
1032,2,5,39.5,3.4,1,0,18,3
1033,2,9,39.5,2,0,18,3,2
1034,2,12,39.5,2.9,1,1,16,1
1035,1,1,39.5,0.9,0,14,0,2
1036,0,3,39.5,1.5,0,13,7,4
1037,2,15,39.5,3.5,0,4,13,3
1038,1,6,39.5,3,0,14,10,2
1039,2,8,39.5,2,1,4,15,5
1040,2,3,39.5,3.2,1,0,9,5
1041,2,10,39.5,1,0,17,15,1
1042,1,5,39.5,2.1,0,13,14,4
1043,1,7,39.5,3.2,0,7,4,3
1044,0,3,39.5,2.8,0,14,14,2
1045,1,6,39.5,0.8,0,3,5,6
1046,0,5,39.5,1.6,0,6,12,2
1047,1,5,39.5,2.6,0,14,11,2
1048,0,4,39.5,4.2,1,13,0,1
1049,1,3,39.5,1.8,0,17,12,1
1050,0,3,39.5,3.3,0,16,14,3
1051,0,4,39.5,1.6,0,3,11,3
1052,1,5,39.5,3.8,1,17,1,4
1053,0,6,39.5,2.8,0,7,10,4
1054,1,5,39.5,4.4,1,2,5,3
1055,0,4,39.5,2.7,1,13,8,4
1056,2,5,39.5,3.4,1,17,10,6
1057,2,9,39.5,1.7,0,7,13,4
1058,2,6,39.5,2.1,1,4,18,1
1059,2,12,39.5,1.9,1,4,1,6
1060,0,5,39.5,0.9,1,2,2,2
1061,1,2,39.5,2.5,1,20,10,4
1062,2,7,39.5,1.2,1,9,19,4
1063,2,3,39.5,2.3,0,9,0,3
1064,1,3,39.5,1.5,1,1,1,1
1065,0,4,39.5,1.6,0,18,10,2
1066,1,3,39.5,3.7,1,10,12,5
1067,1,8,39.5,1.9,1,6,3,3
1068,1,8,39.5,3.4,1,6,11,3
1069,1,2,39.5,2.4,0,11,12,4
1070,1,4,39.5,3,0,1,16,2
1071,2,7,39.5,2,1,14,13,3
1072,2,13,39.5,3.2,1,20,0,2
1073,0,6,39.5,3.5,1,20,4,2
1074,1,2,39.5,1.4,1,6,9,6
1075,0,6,39.5,2.6,0,15,19,1
1076,1,8,39.5,3.1,0,8,2,6
1077,0,5,39.5,2.5,0,4,0,6
1078,1,4,39.5,2.6,0,17,17,3
1079,1,7,39.5,2.1,0,14,8,1
1080,1,2,39.5,1.9,1,20,15,3
1081,2,2,39.5,0.9,0,17,11,1
1082,2,13,39.5,1,1,13,14,4
1083,2,12,39.5,4.2,0,10,17,2
1084,2,8,39.5,3.5,0,1,11,2
1085,2,7,39.5,2.2,1,16,3,5
1086,1,7,39.5,1.4,1,8,0,3
1087,0,1,39.5,1.8,0,14,6,1
1088,2,8,39.5,1.1,0,9,17,5
1089,1,5,39.5,1.5,1,4,16,3
1090,1,8,39.5,1.9,0,13,1,1
1091,0,1,39.5,2.7,1,9,2,6
1092,1,4,39.5,2.4,1,20,16,6
1093,0,3,40.6,1.7,0,1,3,4
1094,0,1,40.6,2.6,1,8,6,4
1095,2,11,40.6,2.5,0,16,18,2
1096,0,2,40.6,1.5,1,1,7,3
1097,2,8,40.6,2.2,1,16,6,4
1098,1,1,40.6,2.3,0,10,17,3
1099,1,7,40.6,1.4,0,10,0,6
1100,1,5,40.6,3.4,0,0,20,1
1101,2,5,40.6,2.7,0,10,10,1
1102,0,3,40.6,3.2,0,8,7,5
1103,0,3,40.6,3.9,0,19,0,2
1104,0,5,40.6,1,0,10,3,1
1105,0,2,40.6,0.7,0,7,1,5
1106,1,5,40.6,3.9,1,10,7,6
1107,2,12,40.6,3.7,1,13,15,3
1108,0,4,40.6,2.6,0,19,19,4
1109,2,8,40.6,0.7,1,17,2,1
1110,2,10,40.6,3.7,1,7,3,5
1111,2,5,40.6,2.7,1,17,14,4
1112,0,2,40.6,2.8,0,14,11,4
1113,1,1,40.6,3.3,1,2,13,2
1114,0,3,40.6,2.6,1,16,20,3
1115,0,4,40.6,3,0,2,20,6
1116,2,7,40.6,2.1,0,4,9,1
1117,1,9,40.6,3.2,0,12,11,4
1118,1,8,40.6,3.1,1,1,2,6
1119,1,4,40.6,0.8,0,20,7,3
1120,2,8,40.6,1.6,0,2,5,3
1121,1,6,40.6,3.1,0,3,5,6
1122,1,5,40.6,1.4,0,8,1,4
1123,2,8,40.6,3.9,0,3,5,3
1124,0,3,40.6,2.1,0,8,11,2
1125,1,3,40.6,1,0,1,6,4
1126,0,2,40.6,2.1,0,10,17,5
1127,1,6,40.6,1.2,1,19,8,4
1128,2,6,40.6,1.9,0,19,10,3
1129,1,9,40.6,3,0,9,20,3
1130,2,4,40.6,3.2,0,12,15,4
1131,2,12,40.6,0.6,0,6,13,2
1132,1,4,40.6,3.7,0,2,0,6
1133,1,6,40.6,1.4,1,7,14,6
1134,2,4,40.6,3.8,1,8,16,4
1135,2,11,40.6,3.9,0,12,16,6
1136,1,2,40.6,3,1,18,1,4
1137,1,2,40.6,2.8,0,20,18,3
1138,1,6,40.6,3.1,1,17,14,2
1139,0,3,40.6,2.3,1,4,17,3
1140,2,11,40.6,0.7,1,14,3,4
1141,1,4,40.6,0.8,0,16,17,6
1142,1,5,40.6,2.7,0,18,19,2
1143,0,4,40.6,3.9,0,15,4,6
1144,2,10,40.6,2.8,1,5,9,4
1145,0,4,40.6,2.2,0,10,15,2
1146,1,3,40.6,1,0,3,3,5
1147,2,11,40.6,2.7,0,5,8,3
1148,0,2,40.6,2.4,1,20,11,2
1149,1,7,40.6,3.1,1,15,5,5
1150,1,5,40.6,2.3,0,1,18,3
1151,0,2,40.6,2.7,1,19,5,5
1152,2,7,40.6,2.7,0,19,11,2
1153,0,2,40.6,4.4,1,13,8,3
1154,1,5,40.6,2.7,0,0,8,4
1155,0,4,40.6,2.5,0,4,17,5
1156,2,10,40.6,2.4,1,13,9,3
1157,0,3,40.6,3.2,0,5,18,2
1158,1,8,40.6,3.4,1,4,17,5
1159,1,5,40.6,0.8,1,2,6,6
1160,2,5,40.6,2.5,1,3,6,4
1161,2,3,40.6,1.8,1,17,15,4
1162,2,13,40.6,2.3,0,8,9,4
1163,1,5,40.6,2.9,1,5,16,6
1164,0,3,40.6,1.8,1,7,17,4
1165,1,8,40.6,2.4,1,19,14,4
1166,2,9,40.6,1.9,1,12,10,1
1167,1,4,40.6,3.8,1,20,20,2
1168,1,7,40.6,2.7,0,20,16,2
1169,2,13,40.6,3.4,0,5,6,6
1170,2,12,40.6,3.5,0,19,11,1
1171,1,4,40.6,1.6,1,20,10,3
1172,0,1,40.6,1.4,0,7,8,6
1173,1,6,40.6,1.3,1,9,8,4
1174,0,6,40.6,3.1,1,18,14,6
1175,2,8,40.6,2.1,0,14,7,3
1176,0,4,43.9,4.1,1,9,3,5
1177,0,4,43.9,2.9,1,20,20,5
1178,1,4,43.9,3.2,1,12,8,3
1179,1,5,43.9,1.8,1,10,4,6
1180,1,7,43.9,1.5,0,0,1,2
1181,0,2,43.9,1.4,0,6,13,4
1182,0,4,43.9,2.9,0,7,3,3
1183,1,5,43.9,4,0,8,2,2
1184,1,7,43.9,1.2,0,6,4,1
1185,1,4,43.9,1.7,0,9,10,2
1186,0,3,43.9,3.3,1,2,20,2
1187,1,2,43.9,1.8,1,5,9,1
1188,2,3,43.9,2.8,1,17,13,5
1189,1,7,43.9,2.7,1,13,19,3
1190,1,8,43.9,2.4,1,12,4,3
1191,2,10,43.9,0.7,0,18,0,5
1192,0,1,43.9,1.2,0,11,0,3
1193,1,5,43.9,2.4,0,6,13,5
1194,0,2,43.9,1.5,1,6,17,5
1195,0,4,43.9,2.8,1,9,14,2
1196,1,6,43.9,2.7,0,2,4,6
1197,1,5,43.9,3.2,1,18,0,1
1198,1,9,43.9,2.5,1,12,12,1
1199,1,6,43.9,3.1,0,9,19,5
1200,1,3,43.9,1.9,0,13,16,6
1201,1,4,43.9,2,1,6,5,5
1202,1,8,43.9,2.5,1,8,5,3
1203,2,13,43.9,2.3,1,9,3,6
1204,2,4,43.9,1.4,0,0,18,5
1205,0,1,43.9,3.2,1,11,2,6
1206,0,3,43.9,2.1,1,6,14,5
1207,1,7,43.9,2.2,1,15,16,5
1208,0,1,43.9,4.1,0,16,20,3
1209,0,6,43.9,2.4,0,16,13,1
1210,0,6,43.9,1.9,0,9,11,3
1211,1,8,43.9,0.9,1,3,12,1
1212,0,6,43.9,3.6,1,15,10,1
1213,0,4,43.9,2.4,1,1,17,6
1214,1,4,43.9,1.7,0,17,0,6
1215,0,3,43.9,2.3,0,8,9,4
1216,0,1,43.9,1.9,1,8,15,2
1217,0,4,43.9,2.1,0,4,8,3
1218,1,2,43.9,2.6,1,7,7,6
1219,0,5,43.9,1.3,0,12,17,1
1220,1,5,43.9,4.5,1,10,12,5
1221,0,3,43.9,2.8,0,6,1,6
1222,2,14,43.9,2.3,1,1,1,6
1223,1,4,43.9,2,0,15,2,2
1224,0,2,43.9,2.8,0,11,19,2
1225,2,9,43.9,3.1,1,0,9,1
1226,0,6,43.9,1.9,0,19,3,1
1227,0,1,43.9,2.1,0,20,0,4
1228,2,4,43.9,2.2,0,2,17,2
1229,1,8,43.9,3,1,10,14,3
1230,2,6,43.9,1.1,1,6,15,3
1231,2,8,43.9,2.2,1,19,11,5
1232,2,7,43.9,1,0,5,20,3
1233,0,4,43.9,2,1,9,14,3
1234,1,3,43.9,2.4,1,18,3,1
1235,2,9,43.9,1.1,1,1,1,4
1236,1,4,43.9,3.8,0,10,17,4
1237,0,2,43.9,2.6,1,2,6,5
1238,1,6,43.9,1.9,0,2,16,2
1239,2,6,43.9,2.2,0,7,19,3
1240,1,7,43.9,2.3,1,11,5,4
1241,2,9,43.9,1.8,0,15,11,6
1242,0,4,43.9,3.4,1,6,9,1
1243,1,5,43.9,3.5,1,4,0,1
1244,2,4,43.9,2.5,0,18,16,4
1245,1,6,43.9,1.5,0,2,11,4
1246,0,3,43.9,2.7,0,19,15,5
1247,2,9,43.9,1.2,1,6,14,2
1248,0,3,43.9,1.9,1,6,11,5
1249,1,3,43.9,2.2,1,18,14,4
1250,2,6,43.9,3,1,4,17,6
1251,2,9,43.9,3.1,1,16,19,3
1252,1,4,43.9,2,1,2,17,1
1253,0,4,43.9,2.6,1,11,18,6
1254,2,3,43.9,1.8,1,15,19,2
1255,2,8,43.9,3.2,1,20,10,3
1256,1,6,46.5,2.1,1,15,2,6
1257,1,9,46.5,2.5,1,19,7,3
1258,2,5,46.5,4.2,1,12,18,5
1259,0,4,46.5,1.8,0,16,19,2
1260,0,2,46.5,1,1,18,9,1
1261,0,5,46.5,1.8,0,18,18,5
1262,2,11,46.5,1,1,8,11,6
1263,2,9,46.5,1.4,0,7,7,3
1264,0,4,46.5,3,1,9,1,2
1265,2,12,46.5,2.5,1,0,4,6
1266,2,4,46.5,1.3,1,18,5,1
1267,0,4,46.5,1.9,0,1,10,1
1268,1,6,46.5,3.1,0,7,0,2
1269,0,4,46.5,2.9,1,13,8,5
1270,0,3,46.5,2.7,0,5,16,2
1271,0,5,46.5,3.6,1,11,8,6
1272,2,11,46.5,3.3,1,1,16,3
1273,1,1,46.5,3.1,0,2,0,6
1274,0,5,46.5,3.7,0,14,16,3
1275,2,7,46.5,2.6,1,20,0,4
1276,1,3,46.5,1.8,1,3,5,5
1277,1,7,46.5,1.5,1,5,14,5
1278,2,11,46.5,2.2,1,13,10,1
1279,0,3,46.5,3.7,0,5,12,5
1280,2,6,46.5,2.2,0,12,11,6
1281,1,5,46.5,1.9,0,14,18,5
1282,1,2,46.5,2.9,0,19,16,4
1283,1,4,46.5,2.4,1,4,5,3
1284,1,8,46.5,2.8,1,12,7,5
1285,0,6,46.5,1.1,1,19,17,2
1286,1,2,46.5,2.3,1,15,6,3
1287,1,2,46.5,1.9,0,3,13,6
1288,1,1,46.5,3.4,0,0,14,1
1289,2,4,46.5,4.3,0,17,9,5
1290,1,9,46.5,3.1,0,0,14,6
1291,0,3,46.5,2.9,0,15,16,1
1292,2,12,46.5,2,1,15,19,6
1293,2,9,46.5,0.5,0,8,8,4
1294,1,9,46.5,3.6,0,19,17,5
1295,1,3,46.5,3.2,0,0,6,5
1296,1,4,46.5,3,1,10,8,6
1297,0,5,46.5,2.7,0,16,16,3
1298,2,5,46.5,3.7,0,14,5,6
1299,2,12,46.5,3,0,18,0,2
1300,0,3,46.5,3.8,1,7,9,3
1301,1,5,46.5,3.2,0,13,8,2
1302,1,4,46.5,3.2,0,19,7,3
1303,2,6,46.5,3.9,1,13,8,2
1304,2,8,46.5,2.2,0,17,16,6
1305,2,8,46.5,2.3,1,10,0,3
1306,1,6,46.5,2.4,1,19,6,4
1307,2,13,46.5,1.1,0,16,16,6
1308,2,9,46.5,2.3,1,11,12,6
1309,2,14,46.5,1,0,16,20,3
1310,1,9,46.5,0.4,1,12,9,4
1311,0,5,46.5,3,0,16,2,3
1312,0,3,46.5,1.9,0,2,4,4
1313,1,4,46.5,2.7,1,10,10,4
1314,2,6,46.5,3.1,0,1,4,5
1315,0,4,46.5,2.6,0,4,16,1
1316,1,4,46.5,4,0,7,12,1
1317,1,6,46.5,3,1,0,13,5
1318,0,4,46.5,1.6,0,14,10,3
1319,0,3,46.5,2.8,0,4,6,1
1320,0,3,46.5,2,0,12,5,6
1321,1,2,46.5,2.7,0,7,17,1
1322,0,2,46.5,1.7,0,6,6,2
1323,0,6,46.5,2.2,0,6,9,1
1324,1,3,46.5,2.7,1,7,15,2
1325,0,4,46.5,3.1,0,20,5,2
1326,0,3,46.5,3.1,0,6,19,2
1327,0,3,46.5,1.6,1,17,3,6
1328,1,8,46.5,1.4,0,8,0,1
1329,0,2,46.5,3,1,3,10,2
1330,1,5,46.5,2.4,0,2,2,4
1331,2,14,46.5,2.7,0,19,10,4
1332,0,4,46.5,3.5,1,12,7,4
1333,2,8,46.5,1.5,0,15,15,3
1334,1,5,46.5,2.2,1,3,19,3
1335,2,5,46.5,2.1,0,14,20,1
1336,1,7,46.5,3.9,1,19,1,2
1337,1,3,46.5,2.1,1,20,16,1
1338,1,4,46.5,4.5,1,9,0,3
1339,1,3,47.9,1.5,0,8,12,1
1340,1,7,47.9,2.5,1,7,5,1
1341,1,5,47.9,2.5,1,9,19,3
1342,0,2,47.9,2.1,1,11,6,6
1343,0,4,47.9,3,0,9,11,4
1344,0,2,47.9,3.6,0,13,8,3
1345,2,8,47.9,2.5,1,14,2,1
1346,0,4,47.9,2.7,1,18,5,3
1347,0,1,47.9,3.6,1,1,10,4
1348,2,4,47.9,2.6,0,18,2,5
1349,0,2,47.9,1.3,0,2,18,3
1350,0,3,47.9,2.6,0,14,1,1
1351,2,9,47.9,2.6,1,18,16,1
1352,1,7,47.9,2.4,0,8,9,5
1353,0,2,47.9,3.5,0,9,2,6
1354,1,2,47.9,1.9,0,1,13,1
1355,0,4,47.9,1.6,1,11,14,2
1356,1,7,47.9,1.9,0,20,18,4
1357,1,7,47.9,2.6,0,2,9,4
1358,2,10,47.9,3.6,1,2,11,1
1359,2,11,47.9,3.3,0,0,10,1
1360,0,4,47.9,3,1,8,1,2
1361,0,3,47.9,3,0,16,13,5
1362,1,7,47.9,4.2,0,9,3,4
1363,1,4,47.9,3.6,0,7,19,4
1364,2,9,47.9,2.2,1,11,4,4
1365,2,9,47.9,3.5,1,13,9,3
1366,1,4,47.9,3.1,1,2,20,3
1367,1,7,47.9,3.4,1,6,8,6
1368,0,3,47.9,3.3,1,12,11,6
1369,1,2,47.9,2.2,0,3,0,5
1370,0,5,47.9,2.9,0,4,15,4
1371,1,4,47.9,3.1,0,0,19,3
1372,1,6,47.9,0.8,1,0,3,2
1373,0,3,47.9,2,1,17,20,3
1374,2,7,47.9,2.9,1,1,13,3
1375,2,7,47.9,3.1,0,8,19,4
1376,1,6,47.9,2.3,1,7,18,6
1377,1,3,47.9,3.9,0,18,16,3
1378,1,7,47.9,3.9,0,16,18,3
1379,2,3,47.9,2.5,1,14,7,6
1380,2,3,47.9,2.4,0,16,18,1
1381,0,4,47.9,3.9,1,1,0,5
1382,1,9,47.9,1.8,0,14,19,4
1383,0,3,47.9,0.9,1,19,7,2
1384,2,9,47.9,3.9,1,20,9,2
1385,2,7,47.9,2.1,1,17,7,2
1386,2,6,47.9,1.1,0,9,1,6
1387,2,9,47.9,1.9,0,5,12,1
1388,1,9,47.9,0.7,1,2,15,5
1389,1,5,47.9,1.5,1,0,3,2
1390,0,1,47.9,1.5,1,19,8,5
1391,1,4,47.9,1.7,1,15,14,1
1392,1,2,47.9,3.9,0,15,20,5
1393,0,6,47.9,4.5,1,6,10,1
1394,1,9,47.9,1.6,1,6,18,5
1395,1,2,47.9,0.8,0,3,16,3
1396,1,6,47.9,3.5,1,13,6,5
1397,1,6,47.9,2.3,1,6,13,4
1398,1,3,47.9,2.6,0,11,7,3
1399,2,13,47.9,3.7,0,13,17,6
1400,0,4,47.9,0.5,0,11,17,4
1401,2,10,47.9,3.3,0,0,13,4
1402,1,7,47.9,1.3,1,4,11,4
1403,1,2,47.9,3.2,1,20,0,3
1404,1,6,47.9,2.6,0,2,13,2
1405,1,4,47.9,1.6,0,3,0,6
1406,0,4,47.9,3,1,0,12,6
1407,1,4,47.9,2.9,1,6,3,1
1408,0,1,47.9,2.2,1,1,5,1
1409,2,8,47.9,2.6,1,20,19,6
1410,0,2,47.9,1.8,0,16,2,6
1411,0,3,47.9,1.5,0,1,18,3
1412,1,4,47.9,2.5,0,5,2,4
1413,2,9,47.9,2.4,0,0,1,3
1414,0,4,47.9,1.2,1,4,16,1
1415,1,7,47.9,3.5,1,20,11,2
1416,1,6,47.9,1.7,0,0,5,5
1417,1,8,47.9,2.5,1,19,2,6
1418,0,2,47.9,3,1,15,16,4
1419,2,8,47.9,2.2,0,8,5,4
1420,2,6,47.9,3.9,1,3,9,4
1421,2,7,47.9,1.6,1,1,17,5
1422,1,5,47.9,2.6,0,2,19,3
1423,1,7,47.9,4.4,1,20,7,1
1424,0,3,47.9,2.6,0,18,13,6
1425,0,2,47.9,3.7,1,7,17,6
1426,2,5,47.9,3.1,1,18,3,2
1427,0,4,47.9,2.8,0,9,2,3
1428,0,6,51.7,1.1,0,13,18,3
1429,0,4,51.7,2.4,1,13,11,2
1430,2,7,51.7,4.3,1,10,8,2
1431,2,9,51.7,2.5,1,4,18,4
1432,1,7,51.7,3,0,2,12,4
1433,0,1,51.7,2.2,0,12,20,1
1434,2,10,51.7,2.4,1,11,7,3
1435,2,7,51.7,2.1,1,6,10,6
1436,0,3,51.7,1.9,0,4,3,6
1437,0,4,51.7,4.2,0,17,5,4
1438,1,4,51.7,2.1,1,1,3,4
1439,1,7,51.7,1.3,1,16,5,6
1440,0,2,51.7,1.6,1,18,3,1
1441,1,4,51.7,2.5,1,13,17,2
1442,2,9,51.7,1.7,1,18,2,3
1443,1,3,51.7,1,1,16,17,4
1444,1,4,51.7,2.9,1,10,17,2
1445,1,8,51.7,2.2,1,10,12,6
1446,0,5,51.7,4,0,17,5,5
1447,2,3,51.7,3.1,1,14,16,1
1448,1,5,51.7,3.1,0,15,17,5
1449,1,6,51.7,1.5,0,16,1,2
1450,0,2,51.7,0.8,1,5,5,1
1451,1,4,51.7,1.4,0,1,9,5
1452,2,4,51.7,4.1,0,13,13,5
1453,1,5,51.7,1.8,0,15,2,3
1454,2,6,51.7,2.6,0,8,4,5
1455,1,7,51.7,2.5,0,8,16,5
1456,2,3,51.7,4.2,1,1,4,4
1457,1,7,51.7,3.3,0,19,13,2
1458,0,5,51.7,2.5,0,1,14,1
1459,2,7,51.7,3.1,0,19,8,2
1460,0,4,51.7,2.2,1,10,9,4
1461,2,4,51.7,1.2,0,8,2,3
1462,2,12,51.7,2.7,0,7,10,3
1463,1,5,51.7,1.7,0,19,14,1
1464,2,6,51.7,2.3,0,16,7,3
1465,0,2,51.7,3.2,0,7,14,5
1466,0,1,51.7,1.4,0,15,17,5
1467,1,3,51.7,2.9,1,8,9,3
1468,1,1,51.7,1.8,1,6,20,6
1469,1,8,51.7,2.1,0,8,11,1
1470,2,15,51.7,2.7,0,6,16,3
1471,2,3,51.7,2.5,1,17,3,2
1472,1,8,51.7,1.7,0,19,16,1
1473,1,2,51.7,2.6,1,11,11,2
1474,1,3,51.7,1.3,0,1,14,6
1475,1,4,51.7,2.5,0,6,3,6
1476,2,1,51.7,1.1,1,0,20,4
1477,0,3,51.7,2.2,0,6,19,2
1478,2,7,51.7,2,1,8,15,2
1479,2,6,51.7,3.2,1,3,4,1
1480,1,3,51.7,0.8,1,18,12,6
1481,2,6,51.7,3.2,1,6,7,6
1482,0,3,51.7,1.9,0,19,18,3
1483,2,10,51.7,3.6,1,11,6,6
1484,0,5,51.7,3.2,1,9,1,1
1485,2,13,51.7,2.7,1,7,9,6
1486,2,8,51.7,2,1,0,8,3
1487,1,7,51.7,2.8,0,2,9,5
1488,1,4,51.7,2.9,1,18,19,3
1489,2,6,51.7,2.2,0,1,12,3
1490,2,3,51.7,1.7,0,15,1,4
1491,1,1,51.7,3.3,1,14,7,1
1492,0,3,51.7,3,1,9,18,1
1493,0,4,51.7,4,1,6,4,6
1494,2,5,51.7,3.3,0,1,12,5
1495,1,5,51.7,2.7,0,16,9,4
1496,0,3,51.7,1.3,1,8,13,6
1497,0,4,51.7,1.7,1,10,11,5
1498,0,4,51.7,1.7,0,8,10,4
1499,0,6,51.7,0.9,1,8,19,6
1500,1,5,51.7,2.9,0,11,8,1
1501,1,5,51.7,3.7,0,7,11,3
1502,1,4,51.7,1.9,0,12,6,5
1503,1,1,51.7,2.3,0,9,11,6
1504,0,6,51.7,1.5,0,15,5,4
1505,1,7,51.7,2.4,1,20,4,4
1506,2,10,51.7,1.6,1,10,9,1
1507,0,5,51.7,2.1,1,12,20,3
1508,2,8,51.7,1.6,0,10,11,5
1509,2,10,51.7,2.2,0,8,5,3
1510,2,7,55.4,3.4,0,11,6,3
1511,1,6,55.4,3.5,1,14,10,4
1512,0,2,55.4,3.5,1,18,14,2
1513,0,5,55.4,2.7,0,17,11,4
1514,2,4,55.4,2.4,0,9,4,6
1515,1,3,55.4,3,1,8,15,2
1516,1,5,55.4,2.7,1,16,14,1
1517,1,1,55.4,3.5,1,5,19,1
1518,2,8,55.4,2.3,1,14,2,4
1519,2,10,55.4,2.8,0,7,7,3
1520,0,5,55.4,2,1,19,0,4
1521,0,4,55.4,3.3,0,12,18,5
1522,2,8,55.4,1.7,1,16,12,1
1523,0,4,55.4,2.1,0,12,5,1
1524,2,9,55.4,2.4,1,12,9,2
1525,2,3,55.4,2.7,0,15,3,6
1526,0,6,55.4,2.2,0,19,5,1
1527,1,2,55.4,0.7,1,6,11,3
1528,0,4,55.4,2.3,0,12,11,4
1529,1,6,55.4,2.2,1,0,10,1
1530,0,3,55.4,3.1,1,6,14,3
1531,2,1,55.4,2,1,3,12,5
1532,2,5,55.4,3,0,16,4,5
1533,1,6,55.4,1.8,1,1,13,6
1534,2,12,55.4,1.9,1,20,10,2
1535,1,5,55.4,3.5,0,11,14,5
1536,2,5,55.4,2.3,1,16,16,6
1537,1,8,55.4,0.6,0,1,12,2
1538,0,3,55.4,2.8,0,19,10,5
1539,0,4,55.4,1.6,0,3,15,6
1540,1,6,55.4,4.4,0,0,14,1
1541,1,2,55.4,4,1,12,9,6
1542,0,3,55.4,2.5,0,1,12,6
1543,1,4,55.4,3.3,1,18,4,5
1544,1,5,55.4,3.2,0,18,8,2
1545,0,2,55.4,1.9,0,10,17,6
1546,1,1,55.4,2.1,0,8,14,4
1547,2,5,55.4,1.9,1,12,5,6
1548,1,3,55.4,2.9,1,10,2,1
1549,1,8,55.4,3.5,0,13,15,5
1550,0,5,55.4,2.3,1,4,17,5
1551,0,3,55.4,2.5,1,10,13,1
1552,0,4,55.4,4.1,1,0,20,6
1553,1,6,55.4,3.2,0,15,16,3
1554,0,4,55.4,3.4,0,6,10,3
1555,1,4,55.4,2.3,1,0,16,4
1556,0,2,55.4,2.5,1,12,1,5
1557,1,4,55.4,1.6,0,14,13,2
1558,2,7,55.4,2.2,1,7,10,5
1559,1,6,55.4,2,0,2,6,6
1560,2,7,55.4,1.7,1,2,1,3
1561,2,10,55.4,1.8,0,10,9,6
1562,2,11,55.4,2.4,0,2,11,4
1563,1,5,55.4,1.6,0,8,9,6
1564,1,7,55.4,3.5,1,7,11,6
1565,1,4,55.4,2.4,1,9,7,3
1566,1,2,55.4,1.6,1,8,14,4
1567,2,6,55.4,1.1,0,4,9,4
1568,0,5,55.4,2.4,0,9,12,5
1569,2,10,55.4,3.3,0,3,9,5
1570,0,4,55.4,3,0,12,8,3
1571,0,2,55.4,3,1,5,6,1
1572,1,2,55.4,2.7,1,15,13,4
1573,2,5,55.4,2,0,18,13,4
1574,0,4,55.4,1.1,0,5,4,4
1575,0,4,55.4,3.6,1,12,17,6
1576,0,4,55.4,1.6,1,3,3,1
1577,1,5,55.4,2.4,0,17,20,3
1578,0,2,55.4,3,1,1,5,5
1579,1,5,55.4,3.1,1,3,5,6
1580,2,7,55.4,2.6,1,16,3,2
1581,2,9,55.4,4.4,1,10,3,2
1582,0,6,55.4,3.1,1,8,10,2
1583,1,7,55.4,2.7,0,7,9,3
1584,1,5,55.4,2.8,0,13,16,5
1585,2,7,55.4,3.7,1,2,5,4
1586,0,4,55.4,2.2,0,12,19,5
1587,1,3,55.4,2.2,0,13,11,4
1588,2,13,55.4,3.8,0,12,20,4
1589,1,4,55.4,2.5,1,15,19,2
1590,2,11,55.4,3.7,0,9,20,6
1591,0,6,55.4,3.3,0,10,12,2
1592,1,6,55.4,1.8,1,6,6,1
1593,0,2,55.4,2,0,3,9,4
1594,1,4,55.4,3.8,1,8,6,1
1595,2,4,55.4,3.7,1,13,4,5
1596,2,9,55.4,1.4,1,4,2,4
1597,1,2,55.4,2.4,0,10,11,3
1598,1,8,55.4,2.3,0,18,7,5
1599,2,9,55.4,3.2,1,8,19,2
1600,2,6,55.4,1.6,1,8,10,4
1601,0,4,55.4,1.6,0,14,12,1
1602,2,5,55.4,3.6,0,0,18,3
1603,2,6,55.4,1.9,1,13,8,2
1604,1,6,57.1,3.2,0,6,12,1
1605,1,3,57.1,2.6,1,17,14,2
1606,1,1,57.1,2.1,1,11,2,1
1607,1,3,57.1,2.1,0,4,20,3
1608,1,2,57.1,2.3,0,1,17,3
1609,0,5,57.1,1.3,0,19,19,5
1610,1,3,57.1,2.8,1,13,5,3
1611,1,5,57.1,2.6,0,17,4,5
1612,0,6,57.1,3.5,0,16,10,3
1613,2,8,57.1,3.5,1,20,11,5
1614,1,5,57.1,2.8,0,14,12,3
1615,2,5,57.1,1.9,1,0,5,1
1616,0,2,57.1,2.1,1,18,2,6
1617,0,3,57.1,2.6,1,11,0,1
1618,0,1,57.1,1.9,0,11,8,2
1619,0,3,57.1,2,0,2,14,3
1620,1,8,57.1,0.9,1,11,5,1
1621,1,3,57.1,3.1,0,12,18,2
1622,0,4,57.1,2.9,1,20,9,3
1623,1,6,57.1,1.9,1,15,17,6
1624,2,10,57.1,2.2,1,12,3,1
1625,2,4,57.1,2.7,0,8,6,4
1626,1,7,57.1,2.8,1,20,20,4
1627,1,1,57.1,3.2,0,11,9,4
1628,2,10,57.1,2.8,1,15,1,5
1629,1,2,57.1,2.8,1,4,16,1
1630,0,5,57.1,1.1,0,7,19,1
1631,2,8,57.1,2.6,0,10,14,4
1632,2,6,57.1,3.8,0,6,8,1
1633,2,4,57.1,2.3,1,15,13,1
1634,1,7,57.1,2.6,0,18,11,3
1635,0,2,57.1,1.7,1,16,8,3
1636,0,4,57.1,3.1,0,2,13,1
1637,1,7,57.1,2.6,0,18,8,4
1638,2,11,57.1,2.8,0,12,12,4
1639,0,3,57.1,1.6,0,2,1,1
1640,2,9,57.1,1.7,1,10,14,4
1641,1,6,57.1,2.5,0,18,18,2
1642,2,10,57.1,3.1,1,15,9,4
1643,2,9,57.1,4,1,0,10,5
1644,2,3,57.1,2.8,0,2,12,5
1645,2,14,57.1,2.7,1,13,13,5
1646,1,3,57.1,2.8,1,10,18,3
1647,0,3,57.1,4.2,1,6,9,5
1648,2,6,57.1,2.4,0,13,18,6
1649,0,4,57.1,3.7,1,6,18,4
1650,2,15,57.1,2.7,1,20,16,5
1651,0,1,57.1,2.7,0,15,1,5
1652,2,12,57.1,2.1,0,6,10,5
1653,2,9,57.1,2.5,0,17,10,4
1654,2,11,57.1,2.1,1,10,14,4
1655,1,6,57.1,1.9,1,5,16,4
1656,2,8,57.1,2.7,1,8,0,1
1657,1,8,57.1,1.9,1,5,19,6
1658,0,2,57.1,2.4,1,4,1,5
1659,2,7,57.1,2.1,0,4,14,3
1660,0,3,57.1,3.3,0,6,8,6
1661,2,5,57.1,1.7,0,8,19,1
1662,1,3,57.1,2.6,1,14,0,6
1663,2,11,57.1,3.2,0,18,6,3
1664,0,2,57.1,1.9,0,19,6,6
1665,0,4,57.1,0.9,0,16,1,3
1666,1,4,57.1,1.9,1,1,17,3
1667,0,6,57.1,2,1,7,1,1
1668,1,8,57.1,2,0,13,3,3
1669,2,3,57.1,1.9,0,4,19,1
1670,2,11,57.1,2.9,0,17,0,5
1671,1,5,57.1,3.3,0,0,1,2
1672,1,4,57.1,3.1,1,11,11,6
1673,2,4,57.1,1.5,0,7,14,1
1674,1,4,57.1,3.5,1,15,0,6
1675,1,1,57.1,1.2,0,18,13,1
1676,1,9,57.1,2.2,1,11,10,5
1677,0,3,57.1,2.7,0,9,0,4
1678,1,6,57.1,3.6,1,2,19,2
1679,1,4,57.1,3.4,0,4,15,4
1680,1,3,57.1,3,0,17,16,6
1681,1,8,57.1,2.1,0,14,18,5
1682,0,1,57.1,3,0,9,8,6
1683,1,7,57.1,3,1,2,3,2
1684,2,6,57.1,1.8,1,12,8,2
1685,0,3,57.1,1.6,0,2,9,2
1686,0,3,57.1,2.7,0,18,6,3
1687,0,2,57.1,1.4,0,5,20,1
1688,2,12,57.1,3.8,0,11,11,4
1689,1,8,57.1,1.8,0,5,2,4
1690,0,4,57.1,3,0,20,12,4
1691,0,5,57.1,0.5,1,5,20,1
1692,0,5,57.1,1.2,1,1,9,1
1693,1,4,57.1,3,0,17,15,3
1694,1,5,57.1,3,0,2,8,5
1695,0,4,57.1,1.6,1,17,15,4
1696,0,5,57.1,3.1,0,14,9,5
1697,2,6,57.1,4.2,1,9,8,3
1698,0,6,57.1,2.3,0,0,2,4
1699,1,7,57.1,2.9,1,10,8,3
1700,2,7,60.4,2.4,0,20,17,2
1701,1,4,60.4,2.2,0,20,16,3
1702,2,6,60.4,3.4,0,17,19,6
1703,2,8,60.4,2,0,16,7,3
1704,2,5,60.4,2.4,0,14,19,5
1705,2,12,60.4,0.6,1,8,11,4
1706,1,6,60.4,1.8,1,18,5,3
1707,1,7,60.4,2.5,1,14,5,5
1708,0,4,60.4,2.8,1,20,10,4
1709,0,3,60.4,2.3,0,8,11,2
1710,1,5,60.4,1.5,0,17,15,4
1711,2,10,60.4,2.7,1,16,17,1
1712,1,6,60.4,1.5,0,3,9,2
1713,2,6,60.4,2,1,14,8,6
1714,0,2,60.4,3,1,14,3,2
1715,0,2,60.4,2.2,1,10,20,6
1716,2,11,60.4,1.2,1,15,3,6
1717,0,4,60.4,2.4,0,10,4,5
1718,0,2,60.4,1.2,0,8,9,3
1719,2,5,60.4,3.2,1,7,8,5
1720,0,4,60.4,3.5,1,9,4,6
1721,0,6,60.4,2.8,0,20,13,5
1722,2,6,60.4,2.2,0,3,12,1
1723,1,2,60.4,2.6,1,9,17,5
1724,2,4,60.4,2.3,0,18,0,1
1725,1,4,60.4,0.5,1,0,18,3
1726,2,4,60.4,3,0,13,20,2
1727,0,1,60.4,3.2,0,19,10,2
1728,0,3,60.4,2.6,1,17,20,2
1729,0,3,60.4,1,0,18,13,3
1730,2,6,60.4,1.9,0,1,10,4
1731,2,10,60.4,3.3,0,2,5,3
1732,0,6,60.4,1.7,1,11,3,2
1733,1,6,60.4,3.5,1,16,0,4
1734,0,2,60.4,3.9,0,0,8,1
1735,1,5,60.4,2.1,0,10,14,5
1736,0,4,60.4,2.2,0,18,10,2
1737,1,9,60.4,2.6,0,17,1,3
1738,1,5,60.4,3.2,1,9,2,6
1739,2,11,60.4,2.4,1,13,5,4
1740,0,3,60.4,2.8,0,15,7,2
1741,2,12,60.4,2.5,1,14,4,6
1742,1,1,60.4,2,1,13,2,4
1743,1,3,60.4,2.4,0,12,0,4
1744,2,10,60.4,3.5,0,0,19,2
1745,1,7,60.4,2.5,1,13,14,1
1746,1,4,60.4,3.6,1,0,16,6
1747,0,4,60.4,4.4,0,13,16,2
1748,1,4,60.4,3.5,1,8,11,2
1749,1,4,60.4,2.8,0,7,18,2
1750,2,3,60.4,0.9,1,20,11,4
1751,1,7,60.4,2.6,1,18,12,5
1752,1,6,60.4,1.8,1,2,1,6
1753,1,1,60.4,2.7,0,19,18,4
1754,2,4,60.4,0.5,0,0,2,5
1755,0,4,60.4,1.2,0,0,8,5
1756,0,5,60.4,2,1,14,17,6
1757,1,7,60.4,1.9,1,16,12,2
1758,2,14,60.4,2.5,0,3,17,3
1759,1,6,60.4,2.2,1,5,5,3
1760,0,4,60.4,1.6,0,1,6,3
1761,2,9,60.4,1.7,1,3,9,1
1762,1,5,60.4,2,1,11,5,4
1763,0,2,60.4,1.9,1,15,19,2
1764,1,6,60.4,2.9,1,9,5,6
1765,2,5,60.4,3,0,6,16,6
1766,2,8,60.4,3.1,0,0,9,4
1767,2,6,60.4,3.4,1,8,13,2
1768,0,2,60.4,0.6,0,5,2,4
1769,2,9,60.4,2.2,0,12,5,4
1770,1,3,60.4,2.1,0,2,16,5
1771,1,3,60.4,2.8,0,16,0,6
1772,1,6,60.4,2.4,0,3,8,2
1773,0,4,60.4,0.6,0,5,19,4
1774,1,8,60.4,3.5,0,11,1,6
1775,0,1,60.4,3,1,19,16,2
1776,1,6,60.4,2.2,1,12,13,1
1777,2,3,60.4,1.3,0,20,15,6
1778,0,4,60.4,3.9,1,4,13,1
1779,1,7,60.4,2.6,1,17,19,4
1780,0,3,60.4,2.2,1,10,19,3
1781,0,4,60.4,2.7,1,14,12,6
1782,2,8,60.4,3.4,0,11,9,6
1783,0,3,62,2.6,0,7,8,5
1784,1,7,62,3,1,14,13,3
1785,1,5,62,3.4,0,13,15,6
1786,1,4,62,4,0,17,1,4
1787,2,12,62,0.3,1,2,6,1
1788,0,3,62,1.8,0,9,19,2
1789,2,9,62,2.6,1,13,17,1
1790,0,2,62,1.6,0,12,10,5
1791,0,4,62,2.8,1,17,11,3
1792,1,4,62,3.7,1,12,15,1
1793,0,6,62,2.2,0,3,0,4
1794,0,5,62,2.8,0,20,4,3
1795,1,4,62,2.8,0,19,15,5
1796,2,13,62,3.4,0,10,17,1
1797,1,2,62,2,0,4,1,1
1798,1,4,62,2.2,0,18,6,1
1799,0,5,62,2.3,0,18,11,3
1800,2,5,62,2.1,1,10,10,5
1801,2,11,62,3.7,1,8,16,3
1802,2,10,62,2,1,2,12,1
1803,2,6,62,3.9,0,9,13,1
1804,1,4,62,3.7,0,8,4,4
1805,2,8,62,1.2,1,16,12,1
1806,2,10,62,3.2,1,8,8,2
1807,0,5,62,1.3,0,12,8,2
1808,2,12,62,1.8,1,20,10,6
1809,0,6,62,2.1,1,16,12,1
1810,1,4,62,2.8,0,3,14,2
1811,1,9,62,3.1,1,15,13,3
1812,1,2,62,1.8,1,1,7,3
1813,0,3,62,1.8,0,20,9,3
1814,1,8,62,1.6,1,4,11,5
1815,1,6,62,2.9,1,20,10,1
1816,1,8,62,2.8,0,20,14,4
1817,2,10,62,1.2,0,3,9,4
1818,1,2,62,1.7,1,11,11,1
1819,0,5,62,1,1,15,19,5
1820,1,5,62,2.2,0,5,1,1
1821,2,10,62,1.8,0,13,17,2
1822,0,5,62,2.2,1,18,7,1
1823,1,6,62,3.9,1,15,10,1
1824,2,15,62,3,1,17,17,1
1825,0,3,62,2.9,1,19,9,6
1826,2,12,62,3.3,0,20,3,3
1827,0,3,62,2.2,0,13,3,5
1828,0,3,62,1.8,1,16,11,4
1829,1,8,62,3.5,0,0,4,4
1830,2,12,62,0.9,1,13,15,2
1831,2,10,62,4,0,10,6,6
1832,0,3,62,2.2,0,0,6,6
1833,0,3,62,1.5,0,7,6,6
1834,2,4,62,1.5,0,2,3,2
1835,1,4,62,0.8,0,11,18,2
1836,1,8,62,1.5,0,1,6,2
1837,2,8,62,1.4,1,3,19,4
1838,1,3,62,3.3,1,3,2,4
1839,2,3,62,3.2,1,16,8,5
1840,2,9,62,3,0,6,14,3
1841,1,4,62,4.8,0,13,2,1
1842,1,3,62,1.8,1,14,8,5
1843,0,3,62,1.6,1,13,6,6
1844,1,9,62,2.2,0,9,16,3
1845,0,5,62,4.1,1,18,14,1
1846,1,7,62,3,1,9,5,3
1847,0,5,62,3.3,0,1,4,1
1848,2,13,62,1.8,1,14,15,2
1849,0,4,62,2.9,1,15,0,1
1850,0,5,62,2.9,0,1,14,6
1851,2,9,62,2.1,1,9,19,2
1852,2,5,62,2.2,0,14,17,3
1853,0,4,62,4,1,16,10,6
1854,1,3,62,2.1,1,9,12,1
1855,0,3,62,2.3,1,19,13,4
1856,1,5,62,4.3,1,17,12,4
1857,2,6,62,3.9,0,0,9,5
1858,1,5,62,3.1,0,13,7,6
1859,0,4,62,2.3,0,12,5,6
1860,2,6,62,1.6,1,19,11,5
1861,1,4,62,2.8,0,15,11,6
1862,0,1,62,2.3,0,2,12,5
1863,1,5,62,3.8,1,10,19,6
1864,2,10,62,2.3,0,0,10,2
1865,1,1,62,2,0,11,2,4
1866,1,5,62,3.7,0,17,13,2
1867,0,4,62,1.6,1,5,19,5
1868,0,3,62,2.9,1,12,16,3
1869,2,11,62,2.2,1,2,12,6
1870,0,4,62,2.8,0,6,16,3
1871,2,6,62,4.4,1,4,20,6
1872,2,7,62,2.5,0,15,7,6
1873,0,1,62,3.4,1,7,3,4
1874,1,7,62,2.7,0,17,0,3
1875,1,9,62,1.9,0,5,13,1
1876,2,4,62,2.4,0,1,9,1
1877,1,4,62,1,1,9,14,6
1878,0,3,62,2.5,0,9,5,5
1879,1,8,66.1,2.8,1,10,17,4
1880,2,3,66.1,2.2,1,13,2,3
1881,2,10,66.1,0.9,1,11,2,5
1882,0,5,66.1,3.1,0,7,8,3
1883,2,8,66.1,1.4,1,18,15,5
1884,1,5,66.1,2.7,0,4,9,4
1885,1,6,66.1,2.4,1,11,12,2
1886,1,7,66.1,3.7,0,2,17,1
1887,0,2,66.1,1,0,2,15,4
1888,0,2,66.1,2.7,0,1,6,3
1889,2,11,66.1,2.6,0,16,12,4
1890,0,4,66.1,4.1,1,10,20,6
1891,2,7,66.1,2,0,16,20,4
1892,1,5,66.1,2.4,1,11,0,5
1893,2,5,66.1,1.7,1,7,6,5
1894,0,1,66.1,1.9,0,10,11,3
1895,0,4,66.1,2.1,0,12,16,4
1896,0,5,66.1,3.1,0,17,9,1
1897,2,5,66.1,3.2,1,5,11,3
1898,1,6,66.1,2.8,0,5,1,2
1899,1,3,66.1,1.9,0,7,13,2
1900,2,3,66.1,3,0,6,11,5
1901,2,4,66.1,1.2,0,10,6,3
1902,1,7,66.1,1.7,0,17,13,3
1903,2,5,66.1,3.2,0,9,8,2
1904,0,2,66.1,2.9,0,7,17,3
1905,0,3,66.1,2.9,1,13,18,4
1906,1,2,66.1,1.2,1,8,9,5
1907,2,7,66.1,3.7,0,8,15,2
1908,0,2,66.1,2.8,0,9,13,1
1909,2,10,66.1,1.1,0,17,6,6
1910,0,3,66.1,2.5,0,16,0,6
1911,1,1,66.1,2.3,0,1,17,5
1912,2,7,66.1,1.9,1,4,13,4
1913,0,4,66.1,1.8,0,19,12,3
1914,2,8,66.1,3.5,1,0,1,6
1915,2,9,66.1,3,0,4,4,5
1916,2,5,66.1,2.2,1,13,10,1
1917,0,2,66.1,2,1,13,18,4
1918,1,3,66.1,3,1,19,7,3
1919,0,2,66.1,1.2,1,11,6,1
1920,0,3,66.1,1.5,1,2,0,2
1921,0,1,66.1,1.6,1,4,0,6
1922,0,2,66.1,2.2,0,12,5,4
1923,2,2,66.1,2,1,1,10,2
1924,1,4,66.1,2.7,0,0,12,4
1925,0,5,66.1,2.4,1,8,2,6
1926,1,4,66.1,2.6,1,3,19,6
1927,2,5,66.1,3.7,0,11,0,2
1928,2,10,66.1,2.9,1,17,14,5
1929,2,12,66.1,3.9,0,17,15,2
1930,2,10,66.1,2.7,0,10,19,6
1931,0,3,66.1,3.2,1,2,15,1
1932,2,10,66.1,3.2,0,17,0,1
1933,1,6,66.1,2.9,0,12,12,6
1934,1,4,66.1,2.8,0,12,10,3
1935,1,5,66.1,2.2,0,16,14,5
1936,2,14,66.1,3.1,0,6,11,3
1937,2,8,66.1,2.7,0,8,12,1
1938,2,11,66.1,2.3,1,16,12,5
1939,1,6,66.1,3,1,20,7,1
1940,1,6,66.1,2.9,1,12,1,6
1941,0,6,66.1,2,1,5,10,4
1942,0,4,66.1,1,0,12,10,3
1943,1,6,66.1,2,1,6,12,3
1944,2,2,66.1,1.9,0,15,16,6
1945,2,11,66.1,4.4,1,5,2,6
1946,1,4,66.1,4.1,1,5,7,1
1947,0,4,66.1,3.9,1,17,14,4
1948,2,11,66.1,3.3,0,9,7,6
1949,0,2,66.1,3,1,3,11,5
1950,1,4,66.1,2.3,0,12,20,2
1951,0,3,66.1,0.7,0,19,18,2
1952,0,4,66.1,1.8,1,5,6,5
1953,2,9,66.1,2.5,0,13,8,4
1954,1,5,66.1,2.1,0,3,18,5
1955,1,9,66.1,2.2,1,11,14,1
1956,2,9,66.1,1.7,1,0,7,1
1957,2,11,66.1,3.7,1,19,5,1
1958,2,9,66.1,2.7,0,4,14,5
1959,1,7,66.1,3.2,1,4,5,4
1960,0,5,66.1,3.8,0,8,20,3
1961,0,1,66.1,2.8,1,6,5,3
1962,1,6,67,1.9,1,0,0,5
1963,2,11,67,2.4,1,17,8,1
1964,0,2,67,3.2,0,10,9,3
1965,2,10,67,3,1,1,4,3
1966,2,5,67,2.5,0,17,14,4
1967,0,4,67,1.7,1,6,16,3
1968,0,3,67,1.3,0,9,0,3
1969,2,6,67,2.5,0,6,11,4
1970,0,5,67,1.4,1,3,1,6
1971,2,8,67,2.5,0,14,12,5
1972,2,8,67,3.1,0,10,2,1
1973,0,3,67,2.5,1,8,11,1
1974,1,5,67,3.1,1,10,19,4
1975,2,9,67,4,0,9,9,4
1976,1,4,67,2.8,1,14,10,2
1977,0,3,67,3.4,1,10,17,5
1978,0,3,67,1.8,1,13,8,5
1979,0,5,67,0.7,0,2,10,3
1980,0,3,67,2.8,1,20,1,4
1981,0,3,67,2.4,0,5,18,1
1982,0,4,67,2.7,1,10,20,6
1983,2,8,67,2.6,1,12,10,6
1984,2,14,67,2.2,1,15,20,2
1985,2,6,67,2.7,1,18,18,1
1986,0,3,67,3.2,0,11,3,5
1987,1,7,67,2.7,0,6,12,2
1988,0,4,67,1.5,0,16,13,6
1989,0,2,67,2.1,0,18,2,6
1990,1,8,67,3.1,1,4,1,3
1991,1,5,67,2.6,0,0,0,5
1992,2,1,67,1.4,0,7,0,4
1993,1,6,67,3.9,0,12,20,3
1994,1,7,67,4,0,10,4,4
1995,2,7,67,2.2,0,18,20,4
1996,1,6,67,2.5,0,6,16,4
1997,2,7,67,2.1,1,11,20,6
1998,1,3,67,3.3,1,16,4,6
1999,0,6,67,3.3,1,6,20,6
