Request Id, Node ID( not used), Resource Requirement( not used), Starttime, Duration, Priority(0-Non C,1-crtical), Longitude, Latitude, Process Type( resource requirement covered in process tye)
0,0,1,0,3.1,1,11,13,5
1,0,6,0,2.7,0,15,7,4
2,0,4,0,3,1,2,16,5
3,1,7,0,1.1,1,2,9,1
4,1,7,0,2,0,20,9,1
5,1,3,0,2.8,1,11,2,2
6,0,2,0,2.3,1,15,7,4
7,2,5,0,2.7,1,14,1,6
8,2,7,0,2.7,1,10,13,1
9,0,3,0,2.2,1,4,15,5
10,1,6,0,1.5,1,14,20,2
11,2,2,0,3.5,0,8,3,5
12,2,10,0,1.9,0,10,8,5
13,2,13,0,2.8,1,6,18,6
14,0,3,0,1.9,1,10,0,5
15,0,3,0,2.9,1,16,1,2
16,0,4,0,2.9,0,19,9,5
17,0,4,0,2.1,0,12,1,2
18,0,2,0,2.7,0,5,12,4
19,2,9,0,0.4,0,0,7,5
20,2,3,0,2.5,1,3,13,6
21,2,6,0,1.6,0,5,7,2
22,1,6,0,3,0,8,16,2
23,0,3,0,3.2,0,19,6,5
24,0,3,0,3.5,0,6,10,4
25,2,9,0,3.1,0,14,5,5
26,2,13,0,2.1,1,10,17,5
27,2,15,0,3,0,0,20,3
28,0,3,0,1.3,1,9,7,3
29,2,12,0,0.7,1,3,2,3
30,0,2,0,4,0,5,8,2
31,1,3,0,3.5,0,20,8,3
32,1,6,0,2.8,0,19,1,3
33,1,8,0,3,0,6,11,3
34,1,6,0,3.2,0,5,12,5
35,0,5,0,2.8,0,14,13,2
36,0,6,0,3.5,0,11,15,6
37,0,3,0,2.2,0,2,11,5
38,1,5,0,2.4,1,19,4,3
39,1,4,0,3.4,0,10,15,4
40,2,12,0,3.1,0,6,17,4
41,2,4,0,3,1,6,10,1
42,0,4,0,3.7,0,9,8,3
43,2,10,0,1.8,1,14,1,4
44,1,5,0,3.8,1,19,7,3
45,1,4,0,3,0,0,2,6
46,1,6,0,1.8,1,9,9,4
47,1,8,0,2.8,1,8,16,4
48,2,11,0,0.5,0,20,18,5
49,1,5,0,0.7,1,15,1,5
50,1,8,0,2.5,1,17,13,2
51,1,9,0,4.2,1,5,11,1
52,0,2,0,3,1,17,15,3
53,2,12,0,2.8,1,1,4,5
54,1,4,0,1.6,0,2,9,3
55,0,3,0,2.6,0,12,11,3
56,0,3,0,1.7,1,3,16,1
57,1,5,0,3.5,0,18,2,1
58,1,3,0,1.2,0,9,6,2
59,1,3,0,3.3,0,2,4,2
60,1,5,0,3.9,1,4,5,2
61,0,1,0,2.2,0,11,0,6
62,2,9,0,2.8,0,4,2,6
63,2,11,0,2.6,0,6,13,5
64,2,10,0,1.2,1,3,20,1
65,2,10,0,1.8,1,4,0,5
66,1,9,0,4.1,0,18,17,3
67,0,4,0,3,0,17,12,6
68,0,5,0,2.5,1,10,10,4
69,0,3,0,2,0,8,6,2
70,1,7,0,2.1,0,10,20,4
71,0,6,0,2.1,0,6,13,2
72,0,1,0,1.8,1,7,13,4
73,2,8,0,1.4,1,0,4,5
74,0,6,1.8,2.5,0,10,6,1
75,1,6,1.8,2,1,3,11,1
76,0,5,1.8,2.6,0,19,8,4
77,2,5,1.8,3.8,0,1,7,6
78,0,2,1.8,2.8,1,10,16,1
79,1,3,1.8,3.8,0,5,6,6
80,2,6,1.8,3.4,0,20,4,1
81,2,9,1.8,1.2,1,18,17,3
82,0,4,1.8,1.9,0,3,15,3
83,0,2,1.8,1.6,0,18,1,3
84,1,1,1.8,2.3,0,14,2,1
85,1,3,1.8,1.5,0,18,11,6
86,0,3,1.8,2.6,1,11,0,4
87,0,4,1.8,2.1,1,2,2,3
88,2,4,1.8,1,1,10,13,5
89,2,10,1.8,1,0,1,5,5
90,2,5,1.8,1.3,0,4,2,6
91,0,5,1.8,2.7,1,14,5,2
92,2,7,1.8,3.7,0,1,18,4
93,2,6,1.8,3.6,0,4,6,3
94,0,2,1.8,0.8,1,8,5,1
95,1,4,1.8,1.7,0,18,7,1
96,2,5,1.8,1.8,1,8,12,3
97,0,5,1.8,2.2,1,13,10,2
98,1,4,1.8,2.7,1,13,17,3
99,2,9,1.8,3.1,1,3,20,2
100,0,2,1.8,1.2,0,18,18,1
101,0,4,1.8,2.4,0,20,19,6
102,2,7,1.8,2.3,0,13,13,5
103,2,11,1.8,0.4,0,18,20,4
104,1,3,1.8,2.5,0,4,5,6
105,1,3,1.8,3.6,1,19,12,6
106,1,6,1.8,1.9,0,2,6,3
107,2,8,1.8,3,1,14,8,3
108,0,6,1.8,2.6,1,4,2,5
109,1,1,1.8,1.4,0,12,2,6
110,1,6,1.8,3,0,20,20,1
111,1,3,1.8,2,1,18,18,5
112,1,4,1.8,2.1,0,19,11,3
113,2,10,1.8,1.6,1,5,0,6
114,2,5,1.8,3.7,1,19,13,1
115,0,5,1.8,1.8,1,19,17,5
116,1,4,1.8,2.6,1,16,2,3
117,0,3,1.8,3.7,1,19,7,2
118,1,4,1.8,2.7,0,18,14,1
119,1,1,1.8,3.2,0,13,15,6
120,2,6,1.8,0.7,1,8,2,4
121,2,9,1.8,1.6,0,5,18,6
122,2,14,1.8,2.1,1,9,14,2
123,0,6,1.8,0.6,1,4,18,6
124,1,6,1.8,1.9,0,17,20,1
125,2,2,1.8,3.1,0,9,18,2
126,2,8,1.8,2,0,5,19,2
127,0,4,1.8,1.6,0,16,7,3
128,1,6,1.8,1.1,1,4,17,6
129,2,2,1.8,2.6,0,0,20,3
130,1,7,1.8,2.4,0,11,2,1
131,1,4,1.8,2,0,0,16,6
132,1,7,1.8,3.1,1,16,17,4
133,0,4,1.8,1,1,0,1,1
134,2,11,1.8,1.2,1,9,14,2
135,2,9,1.8,1.7,1,8,17,5
136,2,12,1.8,2,1,18,2,1
137,0,1,1.8,1.4,1,20,12,5
138,0,3,1.8,3.3,0,12,7,4
139,2,9,1.8,3.9,0,20,15,5
140,1,7,1.8,4.7,1,16,13,3
141,0,4,1.8,1.1,0,16,5,5
142,1,5,1.8,0.8,1,2,2,5
143,2,12,1.8,0.5,0,3,16,5
144,1,7,1.8,4,0,4,1,4
145,1,1,1.8,2,0,2,2,4
146,1,2,1.8,1.9,0,19,9,6
147,2,8,2.4,2,0,0,7,2
148,0,3,2.4,2.3,1,18,16,6
149,1,6,2.4,2,0,4,19,1
150,2,10,2.4,2.9,0,11,16,6
151,1,6,2.4,1.8,0,16,1,3
152,0,1,2.4,1.1,0,12,8,5
153,1,6,2.4,3.7,1,18,18,4
154,0,2,2.4,4,1,10,19,2
155,0,3,2.4,2.4,1,8,18,1
156,0,3,2.4,3,1,16,19,5
157,2,14,2.4,2.2,0,16,8,3
158,1,6,2.4,2.8,1,8,13,3
159,0,2,2.4,1.1,0,14,19,6
160,1,2,2.4,2.7,0,20,9,6
161,0,4,2.4,2,0,15,11,3
162,1,4,2.4,1.2,1,17,20,2
163,2,8,2.4,2.6,0,14,1,5
164,0,2,2.4,1.9,0,18,15,6
165,0,2,2.4,2.2,0,18,4,3
166,0,3,2.4,2,0,18,20,2
167,1,3,2.4,1.7,0,3,7,2
168,2,13,2.4,3.5,0,8,1,6
169,2,6,2.4,1.8,0,15,9,5
170,0,6,2.4,3.7,1,4,14,5
171,1,4,2.4,2.5,0,1,7,3
172,0,3,2.4,3.1,1,20,1,1
173,1,2,2.4,1.9,1,0,0,4
174,2,3,2.4,3.1,1,0,5,2
175,0,4,2.4,1.5,1,13,10,2
176,1,3,2.4,2.2,0,15,17,2
177,2,3,2.4,3.2,1,16,20,4
178,1,4,2.4,2.4,0,8,1,1
179,2,9,2.4,0.9,1,2,16,4
180,2,4,2.4,2,0,3,18,3
181,1,6,2.4,2.3,1,3,13,2
182,1,7,2.4,3.9,1,3,2,2
183,2,13,2.4,1.3,1,8,18,1
184,1,6,2.4,2.5,1,5,2,2
185,1,6,2.4,2.7,1,13,12,5
186,0,2,2.4,2,0,11,10,3
187,1,6,2.4,3.6,1,3,9,5
188,2,10,2.4,3.3,0,9,20,6
189,0,4,2.4,2,1,5,19,6
190,0,6,2.4,2.2,1,0,5,5
191,1,7,2.4,2.5,1,17,8,3
192,0,5,2.4,2.3,0,6,7,2
193,0,3,2.4,2.6,1,17,12,3
194,2,12,2.4,3.4,1,12,16,5
195,2,9,2.4,0.7,1,11,2,2
196,1,5,2.4,1.9,1,4,8,3
197,0,4,2.4,1,0,7,2,5
198,2,9,2.4,2.5,0,16,18,5
199,0,4,2.4,1.6,0,18,6,2
200,1,4,2.4,1.6,0,16,8,4
201,0,5,2.4,3.4,1,17,0,1
202,2,7,2.4,3.9,1,2,15,2
203,0,3,2.4,2.2,0,17,2,4
204,0,2,2.4,2.3,0,12,4,3
205,0,3,2.4,0.6,0,17,1,2
206,1,5,3.2,2.3,0,7,4,6
207,1,3,3.2,2.7,0,18,18,5
208,2,9,3.2,3.1,1,20,15,2
209,1,2,3.2,2.5,1,10,16,5
210,0,3,3.2,1.8,0,8,17,3
211,0,5,3.2,4,0,1,11,3
212,2,11,3.2,1.4,0,1,11,5
213,1,4,3.2,2.9,1,14,3,2
214,0,4,3.2,1.1,0,8,19,5
215,2,10,3.2,1.6,0,16,12,6
216,1,4,3.2,2.3,0,2,9,5
217,0,4,3.2,2.7,1,4,20,5
218,0,3,3.2,1.7,0,17,7,6
219,0,6,3.2,2.8,0,5,10,5
220,2,12,3.2,4.3,1,1,15,6
221,2,4,3.2,4,0,1,16,1
222,2,8,3.2,1.8,1,17,12,3
223,1,5,3.2,3.3,1,8,7,2
224,0,2,3.2,2,1,13,4,1
225,2,10,3.2,1.1,1,17,14,2
226,2,6,3.2,2.9,1,8,14,5
227,1,2,3.2,3.6,0,1,5,1
228,0,1,3.2,1.6,1,1,20,3
229,2,6,3.2,1.7,0,20,5,4
230,2,7,3.2,1.6,1,19,10,6
231,0,3,3.2,1,0,4,12,3
232,1,6,3.2,3.6,1,9,20,2
233,0,4,3.2,1.4,0,3,16,1
234,0,3,3.2,1.4,1,10,17,4
235,0,5,3.2,3.6,1,5,17,6
236,1,5,3.2,3.2,0,18,16,5
237,2,11,3.2,3.4,1,20,16,3
238,0,5,3.2,2,1,2,16,1
239,1,5,3.2,1.4,0,2,1,2
240,1,6,3.2,2.4,0,12,7,3
241,0,6,3.2,2.8,1,16,3,4
242,0,2,3.2,1.9,1,0,12,6
243,2,12,3.2,2.1,0,12,6,1
244,0,4,3.2,2.3,0,6,15,5
245,1,5,3.2,1.5,0,0,7,6
246,0,6,3.2,3,0,18,11,5
247,2,9,3.2,3.3,0,0,19,4
248,2,5,3.2,0.8,0,15,19,3
249,1,5,3.2,2.7,1,10,8,5
250,1,4,3.2,3.6,0,16,19,5
251,2,8,3.2,1.3,0,12,17,6
252,1,1,3.2,3,0,2,15,6
253,0,3,3.2,1.6,0,4,3,1
254,1,3,3.2,2.9,0,7,3,2
255,1,4,3.2,2.8,1,3,10,3
256,2,13,3.2,1.5,1,12,20,5
257,1,4,3.2,1.9,0,6,7,3
258,1,5,3.2,2.5,0,13,2,3
259,1,3,3.2,2,0,14,2,2
260,1,8,3.2,1.7,1,5,8,5
261,1,3,3.2,4.2,0,17,12,6
262,1,5,3.2,0.9,1,1,3,6
263,2,2,3.2,3.3,1,7,19,6
264,0,2,3.2,2.9,1,14,8,2
265,0,4,3.2,2.2,0,14,2,5
266,1,2,3.2,3.2,0,20,9,6
267,1,4,3.2,2.4,0,8,10,2
268,2,6,3.2,2.9,1,13,14,5
269,1,9,4.2,1.1,1,9,5,4
270,2,1,4.2,3.7,1,8,10,5
271,2,6,4.2,1.7,0,2,7,2
272,0,3,4.2,2.3,0,11,4,5
273,0,2,4.2,1.2,0,18,4,1
274,2,7,4.2,2,0,6,5,5
275,0,6,4.2,3.4,1,11,14,2
276,1,9,4.2,1.2,1,16,12,6
277,0,4,4.2,2.6,0,5,16,2
278,0,6,4.2,1.5,1,17,13,3
279,1,6,4.2,4.2,1,2,7,1
280,2,4,4.2,1.9,0,17,19,4
281,0,4,4.2,2.3,0,17,15,4
282,1,7,4.2,2.3,1,12,18,6
283,0,2,4.2,3.6,0,0,8,3
284,1,3,4.2,1.6,0,17,12,6
285,0,3,4.2,2.5,0,7,20,6
286,2,6,4.2,3.1,1,1,17,2
287,0,3,4.2,1.6,0,3,16,5
288,0,1,4.2,1.3,0,14,17,6
289,2,11,4.2,2.8,1,14,13,2
290,1,5,4.2,2.7,1,15,2,6
291,1,1,4.2,3.1,1,18,3,1
292,1,2,4.2,1.4,1,0,4,4
293,2,6,4.2,2.9,0,16,4,5
294,2,15,4.2,2.5,0,12,10,6
295,1,6,4.2,2.1,1,18,17,2
296,2,5,4.2,3.7,1,16,3,3
297,2,3,4.2,3.8,0,18,13,3
298,2,9,4.2,2.7,0,17,15,6
299,2,10,4.2,3.4,1,1,1,2
300,1,5,4.2,3.8,1,16,5,6
301,1,1,4.2,3.5,1,13,15,1
302,2,6,4.2,1.2,1,19,17,5
303,1,5,4.2,3.3,0,12,5,3
304,2,13,4.2,3.9,0,6,7,5
305,1,6,4.2,2,1,19,17,2
306,0,3,4.2,3.7,0,6,16,1
307,1,3,4.2,1.8,0,6,0,4
308,2,7,4.2,2.4,0,20,3,6
309,1,4,4.2,2,0,7,6,1
310,0,4,4.2,2.2,0,15,19,1
311,1,4,4.2,2.9,0,20,3,3
312,2,11,4.2,3,1,2,18,6
313,2,3,4.2,3,0,14,17,3
314,0,1,4.2,2.2,0,9,17,3
315,2,1,4.2,2.8,1,3,1,4
316,0,2,4.2,3.2,0,10,20,1
317,0,5,4.2,1.9,0,13,19,5
318,0,5,4.2,3.1,1,2,20,2
319,1,6,4.2,3.4,1,5,19,4
320,0,4,4.2,1.7,0,18,19,5
321,2,15,4.2,2.5,1,14,19,5
322,0,3,4.2,2.5,1,16,12,5
323,1,6,4.2,1.9,0,8,2,1
324,0,3,4.2,3.5,0,3,19,5
325,1,8,4.2,1.8,0,6,7,1
326,2,4,4.2,4.2,0,15,3,1
327,0,3,4.2,0.9,0,12,10,2
328,2,6,4.2,0.5,0,15,0,1
329,0,4,4.2,1.8,0,16,15,1
330,1,1,4.2,3.1,1,11,16,3
331,2,6,4.2,2.3,1,14,3,4
332,1,4,4.2,2.5,1,10,13,2
333,0,4,4.2,3.9,0,0,19,6
334,2,13,4.2,1.3,0,1,0,2
335,1,2,4.2,3.1,1,12,12,1
336,1,2,4.2,1.3,1,4,10,2
337,0,3,4.2,3.1,0,20,12,4
338,2,2,4.2,2.7,1,17,7,6
339,1,9,4.2,1.9,0,12,18,5
340,0,3,4.2,2,0,3,14,5
341,1,5,4.9,1.2,1,11,0,1
342,1,7,4.9,3.7,0,2,4,6
343,0,4,4.9,3.2,1,8,4,4
344,1,3,4.9,2.4,1,10,18,1
345,2,5,4.9,1.2,1,19,17,5
346,1,4,4.9,2.3,0,7,1,6
347,1,3,4.9,2.8,1,13,17,3
348,1,5,4.9,2.7,0,15,19,3
349,2,6,4.9,3.9,0,5,11,4
350,0,1,4.9,2.7,1,0,2,5
351,1,3,4.9,4.4,1,6,20,1
352,2,2,4.9,2,1,11,20,2
353,2,4,4.9,4.2,1,10,0,2
354,2,4,4.9,2.6,1,12,0,4
355,0,4,4.9,3.3,1,15,20,5
356,1,5,4.9,1.8,1,4,2,5
357,1,1,4.9,2.2,0,17,18,4
358,1,3,4.9,2.6,1,5,17,3
359,1,8,4.9,3.2,1,2,3,4
360,2,10,4.9,2.5,1,19,9,6
361,0,2,4.9,3.5,1,3,9,4
362,0,4,4.9,4.4,0,2,12,1
363,0,4,4.9,1.9,1,0,18,2
364,1,3,4.9,1.4,1,11,18,5
365,0,4,4.9,2.8,1,9,20,1
366,2,4,4.9,2.7,0,20,17,1
367,2,13,4.9,1.3,0,12,7,4
368,1,5,4.9,2.7,1,5,14,1
369,1,8,4.9,1.4,1,9,19,5
370,1,9,4.9,2.1,1,0,0,1
371,2,10,4.9,2,0,6,13,2
372,0,3,4.9,3.8,1,3,20,6
373,2,11,4.9,1.5,1,14,12,2
374,2,9,4.9,2.1,1,11,11,4
375,2,10,4.9,2.8,0,7,11,6
376,0,3,4.9,2.6,0,13,10,5
377,0,5,4.9,2.5,0,6,13,1
378,1,6,4.9,1.4,1,1,18,4
379,1,3,4.9,3.4,1,1,5,3
380,2,9,4.9,2.3,0,1,5,3
381,1,6,4.9,2,1,15,8,6
382,1,5,4.9,1.8,0,3,3,5
383,1,3,4.9,2,1,6,10,4
384,2,6,4.9,1,1,0,10,4
385,0,2,4.9,1.8,0,6,15,4
386,1,6,4.9,2.8,0,17,3,6
387,0,1,4.9,1.3,0,13,0,1
388,2,10,4.9,2.8,0,8,1,3
389,0,4,4.9,2.4,0,9,4,1
390,2,6,4.9,3.9,1,15,17,5
391,0,4,4.9,1.2,1,7,13,1
392,1,8,4.9,2.5,0,16,8,2
393,0,2,4.9,1,0,18,10,1
394,1,8,4.9,1.8,0,10,13,4
395,0,4,4.9,1.7,0,20,12,1
396,2,9,4.9,2.8,1,18,3,6
397,2,7,4.9,2.2,0,0,2,6
398,1,4,4.9,0.7,1,10,0,3
399,1,8,4.9,2.8,0,15,19,2
400,0,5,4.9,2.9,1,4,14,4
401,2,9,4.9,1.9,1,2,11,6
402,0,4,4.9,2.6,1,6,1,3
403,2,6,4.9,2.1,0,3,5,3
404,1,5,4.9,3.4,0,14,7,3
405,0,1,4.9,3.2,1,16,5,2
406,1,9,4.9,1.7,0,12,9,4
407,1,6,4.9,2.3,1,3,0,5
408,2,7,4.9,3.1,1,3,17,3
409,2,10,4.9,2.2,1,1,19,2
410,2,12,4.9,2.7,1,19,18,4
411,2,8,4.9,2.2,0,1,6,1
412,0,2,4.9,2.5,0,0,0,3
413,2,9,4.9,2.4,0,7,4,3
414,2,14,4.9,2.2,1,11,2,3
415,0,4,4.9,1.8,0,7,7,5
416,2,10,4.9,2.3,0,20,4,2
417,2,9,4.9,3.3,1,6,10,1
418,2,8,4.9,1.8,1,8,13,5
419,2,6,4.9,4,1,20,15,6
420,2,3,4.9,4.3,1,10,3,4
421,1,6,4.9,3.2,0,4,1,1
422,2,11,4.9,2.3,1,5,14,5
423,2,7,4.9,2,0,0,14,4
424,1,3,8.6,2.9,1,0,4,5
425,2,9,8.6,1.9,0,5,14,2
426,1,8,8.6,3.6,0,13,15,5
427,2,10,8.6,3.8,0,7,8,1
428,2,9,8.6,2.7,1,3,18,4
429,2,5,8.6,1.7,1,4,7,4
430,1,7,8.6,3.1,0,20,3,4
431,1,5,8.6,2.1,0,0,4,1
432,2,8,8.6,3.3,1,12,20,6
433,2,7,8.6,0.7,0,11,8,6
434,1,3,8.6,1.2,1,19,8,3
435,1,6,8.6,1.6,1,10,7,6
436,0,1,8.6,1.7,1,8,12,6
437,2,11,8.6,2.5,1,13,15,5
438,0,3,8.6,2.2,1,13,19,4
439,2,11,8.6,0.9,0,9,18,5
440,1,1,8.6,2.2,0,7,12,1
441,2,6,8.6,3.9,1,11,11,6
442,1,8,8.6,3.8,0,19,9,2
443,2,6,8.6,3.9,1,18,17,2
444,1,7,8.6,2.3,1,10,3,6
445,1,3,8.6,1.9,0,3,17,4
446,0,2,8.6,1.8,1,4,15,4
447,1,3,8.6,2.1,0,0,16,2
448,0,2,8.6,3.9,1,8,0,4
449,1,2,8.6,2,1,19,19,1
450,2,14,8.6,3.6,0,8,0,5
451,0,2,8.6,2.5,0,19,16,6
452,2,6,8.6,3.3,0,20,18,6
453,2,7,8.6,0.4,1,18,4,2
454,1,4,8.6,2.1,0,19,14,6
455,1,8,8.6,2.4,0,16,2,6
456,2,7,8.6,2.5,0,12,7,4
457,2,14,8.6,2.7,0,13,16,5
458,1,4,8.6,3.5,0,14,13,3
459,1,3,8.6,1.5,0,18,3,1
460,2,1,8.6,2.5,0,14,10,4
461,2,14,8.6,1.5,1,3,0,6
462,0,4,8.6,1.5,1,17,4,1
463,0,4,8.6,2.5,1,5,4,5
464,2,10,8.6,3,0,4,1,5
465,1,4,8.6,0.6,0,9,12,2
466,2,11,8.6,2.9,0,20,10,4
467,0,3,8.6,3.1,1,7,18,5
468,1,6,8.6,2.5,1,6,13,6
469,2,7,8.6,2.5,0,12,11,1
470,0,6,8.6,3.7,0,13,18,1
471,1,7,8.6,2.9,1,17,8,3
472,2,3,8.6,1.9,0,19,8,3
473,1,4,8.6,2.1,1,5,9,3
474,1,5,8.6,1.2,1,16,9,6
475,1,6,8.6,3.6,0,18,13,5
476,1,1,8.6,3.6,1,20,20,4
477,2,10,8.6,2.2,0,2,10,5
478,0,4,8.6,2.9,0,7,11,4
479,2,9,8.6,1.6,0,11,20,2
480,0,3,8.6,0.8,1,16,12,3
481,0,1,8.6,2,1,1,2,1
482,0,5,8.6,2.6,0,18,13,6
483,0,4,8.6,2.1,1,1,8,6
484,0,4,8.6,1.8,1,2,9,4
485,0,3,8.6,3.1,1,3,15,2
486,0,2,8.6,3.4,0,13,13,3
487,1,7,8.6,2.3,0,13,3,1
488,1,6,8.6,2,1,6,8,1
489,0,3,8.6,2.7,1,1,3,5
490,2,5,8.6,4.5,0,13,10,2
491,2,1,8.6,2.8,1,0,4,5
492,1,4,8.6,1.6,0,17,18,5
493,1,6,8.6,2.1,0,13,7,4
494,0,1,8.6,2.4,0,6,9,3
495,2,1,8.6,3.6,0,9,3,1
496,1,5,8.6,2.3,0,2,16,3
497,1,7,8.6,2.9,1,20,13,3
498,1,7,8.6,4.3,0,5,16,2
499,1,7,8.6,2.2,0,13,18,5
500,1,7,11.9,3.8,1,19,6,4
501,2,9,11.9,2.4,0,4,6,4
502,0,4,11.9,2.3,1,11,10,4
503,1,3,11.9,3.4,1,18,15,2
504,1,4,11.9,2.2,0,3,1,1
505,0,6,11.9,2.1,0,10,3,4
506,0,3,11.9,1.4,1,10,16,2
507,0,3,11.9,2.9,0,2,18,1
508,0,2,11.9,1.7,1,15,14,3
509,0,2,11.9,3.3,0,0,14,5
510,2,4,11.9,2.4,0,19,11,5
511,0,2,11.9,3,0,3,11,5
512,1,3,11.9,3.2,0,18,2,5
513,1,6,11.9,1.3,1,13,15,3
514,1,3,11.9,2.5,1,11,0,6
515,0,2,11.9,1.5,1,17,5,2
516,0,5,11.9,2.8,1,11,20,3
517,2,5,11.9,1.5,1,8,16,2
518,0,1,11.9,0.7,0,2,5,3
519,1,2,11.9,1.2,0,9,7,1
520,0,4,11.9,3.6,0,2,7,3
521,1,5,11.9,2,0,18,7,4
522,2,5,11.9,3.1,0,2,11,4
523,1,3,11.9,2.5,1,13,8,1
524,2,8,11.9,2.6,1,11,5,4
525,2,11,11.9,1.5,1,17,3,3
526,1,5,11.9,1.6,0,8,1,3
527,1,3,11.9,3.5,0,1,19,6
528,1,2,11.9,2.2,0,3,12,2
529,2,11,11.9,2.9,1,1,7,4
530,1,2,11.9,4.2,1,5,9,6
531,1,3,11.9,1.6,1,6,12,5
532,0,4,11.9,1.5,0,4,17,5
533,2,6,11.9,1.9,1,19,11,5
534,0,3,11.9,2.1,1,6,0,5
535,0,1,11.9,2.3,0,12,1,2
536,0,6,11.9,2.7,1,5,11,3
537,2,8,11.9,4.2,1,19,14,3
538,2,13,11.9,3.9,0,20,14,3
539,0,5,11.9,0.9,0,2,2,3
540,1,6,11.9,2.1,1,13,14,2
541,1,8,11.9,3.6,0,16,2,3
542,1,3,11.9,1.8,1,14,13,5
543,1,3,11.9,3.5,1,9,17,2
544,1,4,11.9,3.2,0,0,9,2
545,2,5,11.9,1.8,1,4,2,4
546,2,12,11.9,2.6,1,4,16,6
547,0,4,11.9,2.9,0,8,16,5
548,2,2,11.9,3.9,1,12,10,4
549,0,4,11.9,2.6,1,19,3,4
550,0,3,11.9,3.7,1,8,5,2
551,2,11,11.9,3.3,0,3,1,3
552,0,4,11.9,2.5,0,6,14,3
553,2,7,11.9,2.5,0,19,19,5
554,2,10,11.9,2,0,17,13,1
555,2,9,11.9,0.4,1,10,17,3
556,0,1,11.9,2.7,0,8,18,5
557,1,6,11.9,3.5,0,18,17,5
558,0,3,11.9,1.7,1,0,16,6
559,2,9,11.9,2.4,0,9,18,1
560,1,3,11.9,2,1,18,15,3
561,2,9,11.9,1.1,1,5,0,2
562,1,6,11.9,1.3,1,0,4,2
563,0,1,11.9,1.6,0,15,4,4
564,2,12,11.9,2.4,0,3,11,1
565,2,7,11.9,2.2,1,12,20,1
566,1,1,11.9,3.4,0,6,11,3
567,2,8,11.9,3.3,0,20,4,4
568,2,11,11.9,2.6,1,2,5,6
569,0,4,11.9,2.7,1,15,11,4
570,0,2,11.9,3.5,0,19,20,2
571,2,9,11.9,1.9,1,16,10,3
572,1,4,11.9,2.8,0,17,19,1
573,2,11,11.9,0.7,0,12,6,5
574,0,2,11.9,2.2,0,6,18,5
575,1,4,11.9,3.3,0,12,18,1
576,2,14,11.9,1.7,1,0,11,3
577,2,7,11.9,1.6,1,14,17,3
578,1,5,11.9,1.9,1,10,4,2
579,0,4,11.9,1,1,7,10,3
580,0,4,11.9,1.9,0,11,1,3
581,2,6,14.9,1.3,0,9,0,1
582,1,4,14.9,2.9,0,20,9,6
583,2,5,14.9,3.3,0,18,3,6
584,1,2,14.9,2.2,1,5,5,2
585,0,1,14.9,0.8,1,15,18,6
586,1,1,14.9,1.4,0,10,6,4
587,1,4,14.9,2.4,1,11,5,3
588,1,1,14.9,2,1,13,10,3
589,2,5,14.9,1.7,0,6,18,6
590,0,5,14.9,1.8,1,16,3,1
591,0,1,14.9,3.6,0,4,13,2
592,1,4,14.9,3.4,1,17,5,4
593,2,6,14.9,2.1,1,9,9,3
594,2,8,14.9,1,0,9,4,4
595,2,9,14.9,1.7,0,9,10,2
596,0,6,14.9,3.3,1,12,12,5
597,2,8,14.9,2.2,1,15,1,6
598,0,2,14.9,1.7,0,19,0,2
599,1,6,14.9,3.6,1,6,4,4
600,1,3,14.9,1.8,1,5,20,6
601,2,10,14.9,2.3,1,1,2,2
602,2,4,14.9,3.1,0,1,7,6
603,2,12,14.9,2.2,1,0,6,4
604,2,9,14.9,2.8,1,0,17,2
605,1,7,14.9,3.7,0,13,10,5
606,0,5,14.9,2.8,1,5,1,6
607,1,4,14.9,3.5,1,17,15,2
608,1,4,14.9,2.4,0,7,5,5
609,1,6,14.9,3.9,1,18,20,4
610,0,4,14.9,1.8,1,12,3,3
611,1,7,14.9,1.8,1,8,18,4
612,0,1,14.9,1,0,7,12,6
613,1,6,14.9,4,0,4,12,1
614,0,5,14.9,2.5,1,16,13,1
615,2,11,14.9,3.6,1,11,15,1
616,0,4,14.9,2.1,0,16,18,3
617,1,6,14.9,2.2,1,5,9,2
618,0,4,14.9,3,0,5,7,2
619,1,5,14.9,3.2,0,8,19,3
620,1,2,14.9,2.3,1,2,10,2
621,1,4,14.9,3.5,0,6,20,4
622,0,6,14.9,2.3,1,19,8,1
623,2,3,14.9,2.2,1,14,1,6
624,2,7,14.9,3.9,0,13,19,3
625,2,6,14.9,3.6,0,10,18,1
626,0,2,14.9,2.2,1,19,6,1
627,1,5,14.9,3.9,1,4,4,4
628,0,4,14.9,2.8,0,15,14,3
629,1,5,14.9,1.8,0,15,19,5
630,2,9,14.9,2.9,0,15,3,4
631,0,3,14.9,2.5,0,3,3,1
632,2,5,14.9,4,1,3,14,3
633,0,2,14.9,2.7,0,10,0,5
634,2,11,14.9,2.7,0,20,8,3
635,1,8,14.9,2.1,1,2,16,4
636,0,6,14.9,1.5,0,19,15,6
637,0,1,14.9,2.7,0,7,3,5
638,1,8,14.9,0.6,1,11,15,2
639,1,5,14.9,2.4,1,1,2,2
640,1,6,14.9,3.5,1,5,5,4
641,1,6,14.9,2,0,7,8,3
642,2,10,14.9,1.1,0,3,1,3
643,0,4,14.9,2.6,0,5,1,3
644,0,4,14.9,3.8,0,9,16,2
645,2,14,14.9,3.5,0,8,12,3
646,0,5,14.9,2.2,1,15,10,2
647,2,14,14.9,1.8,0,7,15,5
648,1,5,14.9,4.2,1,8,20,2
649,1,9,14.9,3.6,1,4,13,3
650,2,3,14.9,1.5,0,19,12,6
651,0,3,14.9,2.4,0,9,9,2
652,0,1,14.9,1.2,1,17,14,3
653,2,10,14.9,3.5,0,6,10,2
654,0,3,14.9,4.5,0,11,9,6
655,1,7,14.9,2.1,0,20,17,3
656,2,11,14.9,1.1,0,12,3,5
657,2,12,14.9,3.1,1,0,19,5
658,0,4,14.9,2.5,0,13,12,5
659,1,2,18.2,2.4,0,8,16,4
660,2,9,18.2,2.3,0,14,20,2
661,2,6,18.2,4,0,17,14,6
662,1,4,18.2,1.8,0,10,13,2
663,2,2,18.2,2.3,0,1,9,3
664,2,8,18.2,1.1,1,0,18,3
665,1,9,18.2,2.6,0,18,5,4
666,1,6,18.2,1.6,1,11,8,5
667,2,6,18.2,2.4,1,16,19,5
668,1,4,18.2,0.2,0,2,15,4
669,2,2,18.2,2.4,0,14,19,5
670,1,6,18.2,2.6,1,15,2,2
671,1,6,18.2,2.9,0,10,12,5
672,2,13,18.2,1.7,1,10,0,5
673,1,8,18.2,1.5,1,8,14,3
674,0,2,18.2,0.9,1,15,18,5
675,0,2,18.2,1.4,1,14,18,4
676,0,5,18.2,3.8,1,20,4,2
677,0,4,18.2,3.1,0,0,19,3
678,0,4,18.2,2.9,0,14,14,4
679,0,3,18.2,3.2,0,1,20,2
680,1,6,18.2,2.8,1,14,3,5
681,1,8,18.2,2.5,1,11,7,6
682,2,8,18.2,3,1,9,20,1
683,2,9,18.2,2.3,1,11,2,5
684,2,7,18.2,2.7,1,16,11,6
685,1,7,18.2,2.2,0,13,20,5
686,0,4,18.2,2.4,0,20,3,1
687,2,8,18.2,2.7,1,4,13,1
688,0,4,18.2,1.3,1,13,5,4
689,1,4,18.2,3.6,1,11,10,6
690,1,6,18.2,3.5,0,19,12,6
691,0,6,18.2,3.2,1,6,17,2
692,2,13,18.2,1.3,0,20,12,5
693,2,12,18.2,1.2,1,16,17,4
694,2,3,18.2,1.7,0,17,7,4
695,1,7,18.2,2.5,0,15,19,6
696,2,7,18.2,1.4,1,6,12,5
697,0,2,18.2,1.9,1,2,5,1
698,1,4,18.2,2.4,0,11,18,2
699,2,6,18.2,1.7,0,19,9,5
700,1,8,18.2,3,1,8,1,2
701,2,7,18.2,1.1,1,15,15,6
702,0,2,18.2,1.4,1,7,10,1
703,2,9,18.2,1.8,1,20,9,3
704,2,12,18.2,1.1,0,17,5,3
705,0,3,18.2,2.5,0,3,14,3
706,2,10,18.2,2.5,0,18,12,2
707,2,1,18.2,3.9,0,4,20,1
708,1,4,18.2,1.6,1,6,12,2
709,0,1,18.2,4.5,1,5,7,1
710,1,6,18.2,3.5,1,0,2,1
711,2,8,18.2,3,0,13,15,1
712,2,13,18.2,2.8,1,11,15,4
713,0,4,18.2,3.4,1,9,2,1
714,2,7,18.2,2.2,1,4,16,5
715,1,3,18.2,2.1,1,5,18,3
716,2,3,18.2,3.1,0,4,9,6
717,1,8,18.2,3.7,0,11,17,6
718,1,8,18.2,2.2,1,1,4,1
719,1,3,18.2,2.4,0,20,10,3
720,0,4,18.2,2.8,1,8,1,1
721,0,2,18.2,3.4,0,14,4,4
722,0,3,18.2,2.6,1,4,19,4
723,1,3,18.2,1.8,0,19,17,5
724,1,3,18.2,2.3,0,18,13,6
725,1,2,18.2,1.7,1,19,11,6
726,0,3,18.2,1.7,1,1,20,2
727,1,4,18.2,1.4,1,7,1,3
728,1,5,18.2,1.5,1,10,11,1
729,0,3,18.2,2.4,0,14,4,1
730,1,4,18.2,2.1,1,17,17,6
731,2,10,18.2,1.8,0,19,4,6
732,0,4,18.2,2.1,1,16,16,3
733,2,7,18.2,4,1,7,1,1
734,2,14,20.6,3.4,0,2,14,6
735,2,4,20.6,1.5,0,10,15,2
736,2,11,20.6,2.9,1,16,14,1
737,1,5,20.6,2.2,0,7,8,5
738,0,6,20.6,3.5,1,9,13,6
739,2,15,20.6,1.9,1,1,15,6
740,0,4,20.6,3,0,3,5,3
741,2,8,20.6,4.7,0,15,17,6
742,2,4,20.6,3.5,0,13,0,5
743,2,4,20.6,2,1,18,9,4
744,2,2,20.6,3.6,0,17,1,2
745,2,3,20.6,3.5,0,1,5,5
746,2,6,20.6,4.3,1,13,9,3
747,0,6,20.6,2.9,0,3,18,5
748,1,2,20.6,1.8,0,11,1,4
749,1,5,20.6,2.9,0,6,19,1
750,2,10,20.6,1.5,0,11,1,6
751,2,10,20.6,3.3,0,17,7,6
752,0,2,20.6,1.4,0,0,15,3
753,0,4,20.6,1.9,1,13,8,6
754,1,5,20.6,1.7,1,14,16,2
755,1,4,20.6,2.7,0,4,8,2
756,2,13,20.6,2.4,0,15,11,1
757,2,11,20.6,3.5,1,12,17,4
758,1,2,20.6,3,0,1,15,3
759,2,8,20.6,1.5,0,12,6,3
760,1,6,20.6,1.9,0,3,3,1
761,2,9,20.6,4.6,0,0,19,2
762,0,5,20.6,1.8,0,6,18,4
763,2,6,20.6,2.9,1,2,8,5
764,2,8,20.6,2.3,0,20,10,5
765,2,13,20.6,1.9,1,20,2,5
766,2,11,20.6,1.7,0,16,11,2
767,0,3,20.6,2,0,11,17,2
768,1,1,20.6,3.4,1,12,5,2
769,2,8,20.6,3,0,6,8,5
770,0,3,20.6,2.1,1,6,4,6
771,0,5,20.6,2,1,6,0,6
772,0,4,20.6,1.7,1,14,3,2
773,0,4,20.6,2.1,0,13,15,4
774,0,6,20.6,2.1,1,17,7,2
775,2,7,20.6,2.2,0,20,4,2
776,2,6,20.6,2,1,13,6,4
777,0,3,20.6,1.4,1,8,5,1
778,0,4,20.6,3.2,1,20,18,3
779,1,4,20.6,3.1,1,11,12,5
780,0,3,20.6,3.9,1,12,20,3
781,0,2,20.6,3.9,0,17,15,5
782,2,8,20.6,2,0,11,20,5
783,1,4,20.6,2.2,1,4,4,3
784,0,4,20.6,3.8,1,8,15,4
785,0,3,20.6,1.5,1,5,14,1
786,2,14,20.6,1.7,1,2,6,6
787,2,7,20.6,0.5,1,12,10,6
788,0,4,20.6,1.8,1,17,3,5
789,1,6,20.6,2.4,1,15,2,3
790,0,4,20.6,3,0,17,14,4
791,0,6,20.6,2.2,1,16,13,6
792,1,3,20.6,2.5,1,12,8,1
793,0,4,20.6,1.9,1,3,2,3
794,0,4,20.6,2.2,1,2,14,2
795,0,3,20.6,1.7,1,17,3,1
796,1,7,20.6,2.3,1,8,20,5
797,2,4,20.6,2.4,0,4,12,6
798,1,5,20.6,1.7,0,4,5,1
799,1,7,20.6,3.7,0,0,12,6
800,2,8,20.6,3,1,18,13,1
801,1,1,20.6,3.4,1,11,7,2
802,0,5,20.6,2.7,0,17,2,2
803,2,10,20.6,1.5,1,18,19,4
804,2,10,20.6,3.3,1,8,4,1
805,1,4,20.6,3.9,0,18,7,1
806,0,6,20.6,3.3,1,17,20,3
807,2,8,20.6,1.7,1,9,0,6
808,0,2,20.6,3,1,20,5,4
809,1,5,20.6,4.4,1,7,16,4
810,2,11,23.5,2.2,0,13,19,1
811,0,2,23.5,1.5,0,8,16,1
812,1,6,23.5,1.8,0,4,18,1
813,2,11,23.5,2.6,0,10,5,3
814,0,4,23.5,2,0,12,15,1
815,0,3,23.5,1.1,0,14,3,2
816,0,2,23.5,2.5,0,6,12,5
817,1,6,23.5,2.9,0,10,6,4
818,0,4,23.5,2.1,0,6,10,2
819,2,9,23.5,3.6,0,20,0,1
820,0,4,23.5,2.1,1,4,4,5
821,1,3,23.5,1.9,1,1,12,5
822,1,2,23.5,2,0,1,15,3
823,0,4,23.5,0.9,0,6,12,3
824,1,6,23.5,2.7,0,1,13,2
825,0,4,23.5,1.8,1,14,15,6
826,2,14,23.5,2,0,7,16,4
827,1,3,23.5,3.4,0,5,3,3
828,0,5,23.5,2,1,20,4,1
829,1,6,23.5,2.4,1,2,18,1
830,1,3,23.5,2.4,1,15,5,5
831,2,4,23.5,1.1,1,4,3,4
832,2,12,23.5,2.4,1,18,18,6
833,0,6,23.5,1.8,0,4,14,5
834,2,8,23.5,3.2,0,18,6,6
835,0,6,23.5,2.5,0,14,8,2
836,2,10,23.5,2.4,1,7,18,5
837,2,11,23.5,3.5,1,16,15,3
838,1,4,23.5,1.5,1,8,4,1
839,2,8,23.5,1.8,0,5,17,6
840,2,8,23.5,2.3,0,4,4,1
841,2,7,23.5,2.3,1,7,6,6
842,0,5,23.5,2.7,1,20,16,5
843,1,4,23.5,2.7,1,19,11,4
844,0,3,23.5,4.2,1,13,13,4
845,1,8,23.5,2.2,0,13,19,2
846,0,2,23.5,2.4,0,2,16,3
847,1,4,23.5,3,0,20,6,5
848,1,6,23.5,1.4,1,8,14,6
849,0,6,23.5,2.9,1,14,13,4
850,0,4,23.5,2.6,1,3,7,1
851,0,4,23.5,3.2,1,19,17,4
852,2,4,23.5,1.7,0,13,10,2
853,1,5,23.5,2.7,1,10,20,6
854,2,5,23.5,3,1,8,16,6
855,2,9,23.5,2.1,1,5,3,1
856,1,5,23.5,2,0,15,1,1
857,0,3,23.5,3.4,0,8,5,2
858,1,6,23.5,3.5,0,9,8,6
859,1,8,23.5,0.9,1,19,8,6
860,1,7,23.5,3,1,7,16,4
861,0,5,23.5,1.7,1,13,14,1
862,2,8,23.5,2.1,1,6,9,3
863,0,3,23.5,2.2,1,17,10,2
864,1,2,23.5,2.6,0,2,9,3
865,1,6,23.5,2.1,0,3,6,4
866,2,7,23.5,2.1,1,12,1,6
867,0,3,23.5,2.5,1,19,13,2
868,2,8,23.5,2.6,1,19,13,2
869,0,2,23.5,2.5,0,10,2,4
870,1,8,23.5,3.4,1,14,17,5
871,0,2,23.5,3.5,0,2,16,2
872,2,4,23.5,2.8,0,7,1,1
873,0,2,23.5,1.3,0,17,2,5
874,2,6,23.5,3.3,1,1,8,1
875,0,4,23.5,3.1,0,1,18,6
876,1,8,23.5,2.4,0,2,0,3
877,1,8,23.5,3.9,0,2,11,4
878,2,11,23.5,3.5,0,6,5,1
879,2,12,23.5,2.6,1,6,20,3
880,0,2,23.5,2.9,0,13,4,1
881,2,3,23.5,1,1,18,19,6
882,0,2,23.5,3.1,1,3,10,6
883,2,9,23.5,3.3,1,12,10,5
884,0,2,23.5,3.3,1,17,11,3
885,0,3,23.5,2.1,0,1,0,2
886,1,5,23.5,2.6,0,17,17,4
887,1,6,23.5,3.7,0,3,14,6
888,1,1,26.2,2.8,0,1,1,6
889,0,5,26.2,2.2,0,18,20,3
890,1,6,26.2,3,1,19,9,1
891,1,4,26.2,2.4,1,10,20,4
892,0,5,26.2,2.7,1,6,6,4
893,2,5,26.2,2.5,1,12,7,4
894,1,5,26.2,2,1,14,12,1
895,2,8,26.2,3.6,0,1,3,3
896,0,4,26.2,2.2,0,20,16,5
897,1,3,26.2,1.5,1,5,14,2
898,0,4,26.2,2.5,1,8,19,2
899,0,4,26.2,0.9,0,18,19,3
900,1,7,26.2,3.7,1,18,2,6
901,1,6,26.2,3.2,1,10,16,1
902,0,3,26.2,2.6,1,3,12,4
903,1,5,26.2,2.1,0,15,3,6
904,1,3,26.2,3.1,1,0,18,3
905,2,8,26.2,3.2,0,10,15,4
906,2,4,26.2,3.3,0,6,0,6
907,1,3,26.2,2.4,1,4,3,1
908,1,2,26.2,1.6,0,2,17,5
909,1,7,26.2,1.5,0,10,1,3
910,2,14,26.2,2.6,1,11,0,1
911,0,2,26.2,1.5,0,12,15,6
912,1,4,26.2,1.1,0,4,3,2
913,0,5,26.2,2.7,0,15,3,6
914,0,3,26.2,2.5,1,12,15,1
915,0,4,26.2,3,1,1,11,5
916,2,13,26.2,0.6,1,8,19,4
917,0,5,26.2,2.9,1,4,10,3
918,2,9,26.2,1.4,0,13,17,2
919,2,6,26.2,3.7,1,8,4,3
920,1,7,26.2,3.2,0,16,5,2
921,1,2,26.2,2,0,11,0,3
922,1,5,26.2,0.6,0,14,15,5
923,2,9,26.2,2.2,0,17,20,2
924,1,6,26.2,2.5,0,9,7,3
925,1,6,26.2,2.7,0,0,6,2
926,1,6,26.2,3.5,1,8,17,4
927,0,1,26.2,2.9,1,15,3,2
928,0,2,26.2,3.3,1,19,19,3
929,1,5,26.2,3.7,0,9,11,5
930,1,9,26.2,3.4,1,10,4,3
931,1,3,26.2,2,0,1,4,5
932,0,2,26.2,3.2,1,11,14,5
933,1,8,26.2,3.1,0,17,12,4
934,0,5,26.2,2.1,1,1,17,1
935,1,6,26.2,3.8,1,6,16,5
936,2,1,26.2,2.4,0,8,10,4
937,2,5,26.2,0.9,0,11,12,6
938,2,10,26.2,1.7,0,4,0,2
939,1,2,26.2,2.1,1,6,16,4
940,0,3,26.2,1.3,0,17,12,6
941,2,13,26.2,1.7,0,20,11,1
942,0,2,26.2,2.8,1,8,0,3
943,0,4,26.2,3.2,0,18,10,2
944,1,3,26.2,2,1,12,12,2
945,1,4,26.2,2.8,1,18,5,2
946,2,7,26.2,1.8,0,10,19,3
947,0,2,26.2,2,1,11,10,6
948,0,4,26.2,3.5,0,10,15,5
949,1,1,26.2,3.9,0,18,14,5
950,0,5,26.2,4.2,0,15,19,6
951,2,3,26.2,3.7,1,12,7,3
952,0,3,26.2,2.8,0,7,9,4
953,0,4,26.2,2.7,1,7,8,2
954,1,3,26.2,3.6,1,2,7,3
955,0,3,26.2,1.7,1,14,16,6
956,1,4,26.2,2.4,1,4,8,2
957,2,8,26.2,2.4,0,14,10,5
958,0,2,26.2,2.1,1,8,20,2
959,0,3,26.2,2.4,1,6,9,4
960,0,1,26.2,1.4,1,12,16,4
961,0,2,26.2,2.8,1,10,2,3
962,0,1,26.2,3.9,0,11,6,6
963,2,3,26.2,3.8,0,15,17,5
964,1,4,26.2,1.7,1,14,12,4
965,0,3,26.2,2.6,0,2,20,3
966,2,2,26.2,2.9,0,3,19,6
967,0,4,26.2,2.4,0,5,13,2
968,2,10,26.2,3.6,0,19,6,5
969,0,4,28.1,3.8,0,4,10,4
970,1,4,28.1,2.5,1,9,6,5
971,2,8,28.1,1.7,0,15,18,4
972,0,4,28.1,2,1,13,2,6
973,2,13,28.1,2.2,0,4,9,5
974,0,3,28.1,2.6,1,12,1,3
975,1,3,28.1,2.1,1,6,1,1
976,0,3,28.1,2.8,1,1,17,6
977,2,9,28.1,2.6,0,10,5,3
978,1,4,28.1,3.1,0,2,12,5
979,1,1,28.1,4,1,4,17,5
980,0,4,28.1,2.2,1,16,0,4
981,1,3,28.1,2.4,1,20,13,6
982,0,2,28.1,1.7,1,5,0,1
983,2,9,28.1,3.2,0,12,0,4
984,0,2,28.1,0.8,1,2,9,5
985,2,5,28.1,3.5,1,3,18,4
986,1,5,28.1,3.7,1,16,13,3
987,1,3,28.1,3.9,1,7,2,3
988,0,4,28.1,4.2,0,12,14,5
989,1,5,28.1,2.7,0,9,5,5
990,2,5,28.1,2.9,1,13,14,3
991,1,7,28.1,2.6,1,10,3,1
992,0,4,28.1,2.7,0,5,5,1
993,1,4,28.1,3.1,0,10,4,2
994,1,4,28.1,2.8,1,18,15,1
995,0,4,28.1,2.3,0,13,11,5
996,0,4,28.1,1.7,0,11,11,4
997,1,3,28.1,3.8,1,4,5,1
998,2,5,28.1,0.5,0,10,8,5
999,2,14,28.1,2.9,1,15,6,3
1000,0,4,28.1,1.5,0,6,17,3
1001,0,4,28.1,3.2,0,16,0,4
1002,1,7,28.1,1.7,0,15,2,3
1003,1,8,28.1,2.4,0,14,0,3
1004,2,4,28.1,1.5,0,10,12,1
1005,0,2,28.1,1.1,1,16,5,2
1006,2,13,28.1,3.3,1,8,17,1
1007,1,3,28.1,3.3,0,17,18,3
1008,1,6,28.1,3.6,1,14,14,4
1009,1,4,28.1,1,0,5,5,3
1010,1,7,28.1,3.5,1,13,0,4
1011,1,4,28.1,2.7,1,6,7,5
1012,2,8,28.1,1.8,0,8,13,3
1013,0,2,28.1,0.6,0,6,7,6
1014,0,5,28.1,3.5,1,10,10,5
1015,2,13,28.1,2.5,1,15,13,1
1016,0,5,28.1,3,1,14,0,1
1017,1,4,28.1,1.7,0,3,1,4
1018,2,6,28.1,2.3,0,19,10,6
1019,2,9,28.1,2.5,1,7,15,1
1020,0,2,28.1,2.7,1,17,2,1
1021,1,3,28.1,2.6,0,18,19,6
1022,1,4,28.1,1.6,0,9,17,6
1023,2,9,28.1,1.6,1,0,11,3
1024,1,3,28.1,1.9,0,8,7,3
1025,1,3,28.1,3.6,0,9,5,2
1026,1,5,28.1,1.9,1,18,16,3
1027,0,2,28.1,1.7,1,2,10,4
1028,2,7,28.1,2.2,0,6,12,1
1029,0,4,28.1,2.6,1,1,0,6
1030,0,6,28.1,2.8,1,4,10,6
1031,2,13,28.1,3,1,7,19,3
1032,2,8,28.1,3.1,0,4,20,3
1033,0,2,28.1,1.2,0,4,8,1
1034,0,3,28.1,2.8,0,17,9,2
1035,1,5,28.1,2.5,1,7,13,1
1036,2,10,28.1,2.9,1,13,6,6
1037,2,5,28.1,3.8,0,10,10,5
1038,0,3,28.1,1.6,1,10,17,6
1039,1,2,28.1,1.8,1,15,17,6
1040,1,9,28.1,2.3,0,4,14,4
1041,0,6,28.1,2.1,0,8,15,1
1042,0,6,28.1,2.4,1,19,10,2
1043,1,7,28.1,2.8,0,4,0,2
1044,1,8,28.1,1.3,0,7,3,6
1045,0,2,32.5,3.4,0,10,10,3
1046,2,10,32.5,0.9,1,18,13,2
1047,0,6,32.5,2.9,0,13,20,2
1048,1,6,32.5,1.9,1,19,20,4
1049,1,1,32.5,3.2,1,19,4,3
1050,1,5,32.5,2.1,0,8,18,3
1051,0,3,32.5,2.3,0,15,16,4
1052,0,3,32.5,3.9,0,3,6,1
1053,2,9,32.5,1.8,1,19,4,1
1054,1,1,32.5,3.2,1,9,0,2
1055,0,4,32.5,2.6,1,5,19,2
1056,2,11,32.5,2.8,0,3,18,2
1057,1,9,32.5,3,1,9,3,4
1058,1,6,32.5,2.6,0,14,14,3
1059,2,15,32.5,4.1,1,11,9,4
1060,1,3,32.5,3.5,1,15,1,1
1061,2,6,32.5,3,1,2,3,5
1062,2,5,32.5,2.1,1,5,17,3
1063,1,8,32.5,4,1,9,14,6
1064,2,11,32.5,1,0,19,9,3
1065,2,4,32.5,3.7,0,17,3,1
1066,0,5,32.5,4.1,0,13,15,6
1067,2,6,32.5,3.3,1,1,13,4
1068,1,4,32.5,1.4,1,11,5,2
1069,1,9,32.5,2.5,1,13,1,2
1070,1,5,32.5,2.5,0,14,11,1
1071,0,3,32.5,3.5,0,1,11,2
1072,0,3,32.5,3.1,0,19,4,5
1073,2,5,32.5,2.1,1,14,11,1
1074,1,2,32.5,1.4,0,11,1,5
1075,0,4,32.5,2.7,1,13,6,1
1076,2,8,32.5,2.5,1,10,1,2
1077,0,3,32.5,0.7,1,6,4,6
1078,0,2,32.5,2.5,0,14,18,4
1079,2,12,32.5,2.9,0,0,3,6
1080,2,6,32.5,3.8,0,15,11,1
1081,1,3,32.5,3.5,0,5,17,3
1082,2,10,32.5,1.4,0,0,14,6
1083,0,4,32.5,2.5,1,7,4,1
1084,0,4,32.5,3.5,0,3,8,6
1085,2,11,32.5,2.7,1,18,3,5
1086,1,2,32.5,2.4,0,4,15,5
1087,2,13,32.5,2.2,0,12,2,2
1088,1,5,32.5,3.1,1,12,5,3
1089,0,6,32.5,0.9,1,9,4,1
1090,2,11,32.5,1.8,1,18,12,4
1091,0,5,32.5,1.6,0,18,10,3
1092,1,8,32.5,1.6,0,5,16,6
1093,2,6,32.5,2.6,1,3,15,6
1094,1,7,32.5,3.1,1,11,7,5
1095,0,4,32.5,2.4,0,20,17,1
1096,2,4,32.5,2.1,0,11,5,4
1097,2,13,32.5,1.6,1,6,5,5
1098,1,5,32.5,2.4,0,3,3,1
1099,2,10,32.5,3.6,1,15,20,2
1100,0,6,32.5,2.6,0,0,8,1
1101,0,1,32.5,3.6,0,15,3,4
1102,1,5,32.5,1.5,0,19,14,3
1103,0,3,32.5,2.3,0,5,15,4
1104,1,6,32.5,2.5,0,19,3,3
1105,2,4,32.5,2.7,0,8,7,2
1106,2,8,32.5,1.4,0,1,8,4
1107,0,4,32.5,2.9,1,5,11,3
1108,2,11,32.5,2.5,0,13,0,4
1109,0,2,32.5,1.8,1,14,4,3
1110,0,5,32.5,2.5,0,8,20,1
1111,0,4,32.5,1.7,1,2,13,1
1112,2,10,32.5,1.1,1,12,2,4
1113,2,11,32.5,1.9,0,5,7,1
1114,1,6,32.5,3.5,0,1,13,4
1115,1,5,32.5,1.7,0,3,20,6
1116,1,5,32.5,2.6,0,15,17,3
1117,1,5,32.5,3.4,1,0,12,3
1118,1,3,32.5,2,0,14,8,2
1119,1,6,32.5,2.1,1,2,13,5
1120,1,5,32.5,2.8,1,17,16,6
1121,1,5,32.5,2.5,1,9,6,3
1122,2,10,35.5,2.7,0,10,13,2
1123,1,8,35.5,2.2,0,5,13,1
1124,1,2,35.5,3.1,1,6,20,4
1125,2,7,35.5,2.9,1,14,2,5
1126,0,4,35.5,1.6,0,11,17,3
1127,1,5,35.5,3.8,1,0,14,4
1128,0,5,35.5,3,1,19,16,2
1129,2,10,35.5,2.5,0,6,1,5
1130,1,8,35.5,2.1,1,9,1,1
1131,1,7,35.5,1.3,0,11,19,5
1132,2,5,35.5,2.3,0,6,12,4
1133,1,4,35.5,2,1,5,7,1
1134,0,2,35.5,1.6,1,2,17,2
1135,2,10,35.5,2.4,1,16,2,6
1136,0,1,35.5,1.4,0,15,10,2
1137,1,1,35.5,2.5,0,0,14,2
1138,2,10,35.5,2.9,1,9,17,6
1139,2,11,35.5,2.1,1,5,2,5
1140,0,5,35.5,1.7,0,1,16,5
1141,0,2,35.5,3.8,0,8,19,6
1142,1,3,35.5,3.4,0,7,17,5
1143,2,7,35.5,3.3,1,19,10,3
1144,2,4,35.5,1.7,0,2,3,5
1145,1,8,35.5,1.1,1,20,3,6
1146,0,6,35.5,3.5,0,17,11,4
1147,2,6,35.5,2.6,1,17,5,5
1148,0,3,35.5,4.1,0,9,12,3
1149,2,11,35.5,1.6,0,15,4,4
1150,2,4,35.5,1,1,13,0,1
1151,2,6,35.5,1.9,1,19,10,1
1152,2,12,35.5,1.7,0,0,0,1
1153,2,6,35.5,1.3,0,11,8,4
1154,1,8,35.5,2.5,1,15,10,3
1155,2,10,35.5,2.4,0,10,13,1
1156,1,6,35.5,2.9,1,11,7,1
1157,0,4,35.5,3.8,0,0,18,4
1158,1,1,35.5,1.6,1,16,16,4
1159,1,1,35.5,1.6,0,17,1,3
1160,1,7,35.5,4.3,0,9,17,5
1161,2,14,35.5,2.6,0,12,20,4
1162,1,8,35.5,2.6,0,6,12,2
1163,2,3,35.5,2.2,0,8,17,4
1164,0,4,35.5,3.2,0,1,15,3
1165,1,7,35.5,2.2,0,12,10,3
1166,1,4,35.5,3.3,0,16,17,1
1167,0,3,35.5,3.2,1,17,16,6
1168,1,3,35.5,1.6,1,12,3,4
1169,2,4,35.5,2,1,9,8,5
1170,0,6,35.5,2.9,1,1,7,5
1171,2,10,35.5,3.5,0,5,19,4
1172,2,8,35.5,3,1,13,2,6
1173,0,4,35.5,2.6,1,1,17,5
1174,1,8,35.5,2.3,1,8,17,3
1175,2,2,35.5,3.6,1,12,16,5
1176,0,3,35.5,1.5,0,13,13,6
1177,1,7,35.5,2.2,1,4,5,3
1178,2,4,35.5,3.2,1,12,2,1
1179,2,14,35.5,3.5,1,1,19,5
1180,0,3,35.5,0.8,1,16,12,5
1181,2,7,35.5,3.1,0,18,2,1
1182,2,10,35.5,3.4,1,7,18,1
1183,2,6,35.5,2.2,1,19,15,5
1184,1,4,35.5,2.4,0,16,20,2
1185,2,8,35.5,3.4,0,10,1,5
1186,0,5,35.5,2.8,0,1,13,6
1187,2,6,35.5,3.3,0,3,0,1
1188,0,1,35.5,2.8,1,16,4,6
1189,2,9,35.5,1.8,1,10,11,1
1190,2,6,35.5,2.8,1,2,10,3
1191,0,5,35.5,2.1,1,15,11,5
1192,0,5,35.5,1.6,0,1,17,5
1193,1,7,35.5,2.1,1,5,0,1
1194,2,5,35.5,1.9,1,3,16,2
1195,2,12,35.5,2.7,1,6,10,3
1196,1,9,35.5,4.2,1,12,0,2
1197,0,3,35.5,2.5,0,20,9,1
1198,0,4,38.1,3.5,0,14,8,5
1199,1,7,38.1,4,0,11,5,2
1200,0,3,38.1,3.7,1,9,6,4
1201,0,5,38.1,1.3,0,6,1,5
1202,2,8,38.1,3.6,0,17,2,4
1203,0,5,38.1,4.1,1,16,11,3
1204,1,4,38.1,2.5,1,2,0,6
1205,0,4,38.1,2.9,1,0,13,4
1206,2,12,38.1,2.4,0,2,12,1
1207,1,6,38.1,3.3,0,8,10,6
1208,2,6,38.1,3.2,1,12,9,4
1209,1,3,38.1,2,0,8,13,5
1210,2,8,38.1,3.4,0,14,3,1
1211,2,5,38.1,1.7,1,6,8,2
1212,1,5,38.1,2.3,0,5,20,3
1213,1,6,38.1,2.3,0,7,0,3
1214,0,3,38.1,2.6,0,16,11,3
1215,1,7,38.1,1.7,1,12,18,4
1216,0,3,38.1,2.1,1,15,2,5
1217,1,4,38.1,3.2,0,15,4,6
1218,0,4,38.1,3.3,1,16,6,6
1219,0,5,38.1,0.4,0,6,18,4
1220,2,5,38.1,1.9,1,17,4,3
1221,0,3,38.1,2.4,0,13,7,5
1222,0,6,38.1,1.6,0,14,9,2
1223,2,9,38.1,2.7,1,20,3,2
1224,1,3,38.1,0.8,1,20,3,1
1225,2,12,38.1,0.6,0,0,3,2
1226,1,7,38.1,1.8,1,12,2,4
1227,2,7,38.1,2.9,0,19,14,1
1228,0,5,38.1,3.5,0,17,19,2
1229,1,3,38.1,1.5,0,8,4,1
1230,1,3,38.1,2.5,0,1,19,4
1231,2,7,38.1,2.9,1,4,18,4
1232,2,14,38.1,3.1,1,4,2,4
1233,0,4,38.1,1.1,1,2,9,4
1234,1,4,38.1,1.7,0,9,7,2
1235,0,2,38.1,3,0,18,16,1
1236,2,14,38.1,2.3,1,8,16,4
1237,1,5,38.1,3.9,1,9,3,5
1238,0,2,38.1,2.2,0,18,18,3
1239,1,3,38.1,1.5,0,11,12,5
1240,0,2,38.1,2.8,1,12,0,6
1241,2,10,38.1,1.2,1,7,7,4
1242,1,2,38.1,2.9,1,12,11,4
1243,1,3,38.1,3,0,17,20,2
1244,0,5,38.1,3.5,1,17,4,3
1245,1,4,38.1,2.2,1,0,12,2
1246,0,5,38.1,2.4,0,3,19,5
1247,2,2,38.1,1.5,1,16,10,3
1248,0,6,38.1,1.5,1,3,3,5
1249,0,1,38.1,2.5,0,14,20,5
1250,1,4,38.1,3.3,1,6,1,3
1251,1,2,38.1,2.7,1,4,19,4
1252,0,4,38.1,3.3,0,19,10,5
1253,1,6,38.1,2,1,11,5,3
1254,2,7,38.1,1.8,1,1,1,4
1255,1,8,38.1,2,1,5,2,1
1256,2,3,38.1,2.5,1,10,7,2
1257,0,6,38.1,2.9,1,13,1,5
1258,2,5,38.1,3.7,1,11,7,5
1259,2,6,38.1,2.6,0,1,0,4
1260,1,2,38.1,2.9,1,19,11,2
1261,0,5,38.1,3.3,0,20,13,4
1262,2,10,38.1,2.4,0,2,1,3
1263,1,3,38.1,2.1,1,1,11,5
1264,2,5,38.1,1.4,0,1,4,5
1265,0,2,38.1,2.2,1,8,4,4
1266,1,5,38.1,3.6,1,16,15,5
1267,0,4,38.1,3.6,1,8,8,4
1268,0,3,38.1,3.2,0,3,8,4
1269,2,14,38.1,2.5,1,12,13,5
1270,2,12,38.1,3.4,1,9,20,5
1271,1,5,38.1,2.4,1,9,16,6
1272,0,2,38.1,4.5,1,20,16,1
1273,1,6,38.1,2.3,0,4,2,4
1274,0,2,38.1,2.6,0,15,9,5
1275,1,3,38.1,3,0,3,8,6
1276,0,6,38.1,1.1,1,18,16,2
1277,1,2,38.1,1.9,1,1,14,4
1278,2,6,38.1,1.7,0,2,0,5
1279,1,2,41.8,2.3,0,1,9,1
1280,1,8,41.8,3.2,1,17,8,3
1281,0,3,41.8,3,1,10,5,5
1282,2,5,41.8,2.5,1,18,14,3
1283,0,5,41.8,2.5,0,5,9,6
1284,1,2,41.8,2.6,0,7,1,1
1285,1,6,41.8,4.6,0,16,19,3
1286,0,1,41.8,3.3,0,15,1,1
1287,0,3,41.8,2.4,0,6,5,1
1288,1,8,41.8,3.4,0,20,7,5
1289,2,8,41.8,2.7,0,1,16,1
1290,1,1,41.8,2.7,1,20,10,5
1291,2,6,41.8,1.9,0,0,8,1
1292,2,5,41.8,2.6,0,20,2,3
1293,2,6,41.8,2.5,1,8,17,6
1294,0,5,41.8,3.8,0,17,1,3
1295,0,2,41.8,0.6,1,14,14,2
1296,2,8,41.8,0.6,1,19,1,4
1297,2,6,41.8,2.3,1,15,5,1
1298,1,9,41.8,1.9,0,15,12,2
1299,0,6,41.8,3.6,1,17,7,5
1300,1,4,41.8,2.6,1,10,7,6
1301,2,10,41.8,2.4,0,3,1,2
1302,2,9,41.8,3.1,1,5,5,2
1303,2,7,41.8,2.5,0,3,5,5
1304,2,6,41.8,2.1,1,14,15,5
1305,1,3,41.8,2.2,1,7,19,3
1306,2,7,41.8,1.9,1,9,20,4
1307,0,5,41.8,3.4,1,20,2,2
1308,1,7,41.8,2.2,1,6,20,1
1309,0,3,41.8,2.8,0,19,19,1
1310,2,14,41.8,3.4,1,16,7,4
1311,1,7,41.8,0.9,0,0,13,1
1312,1,7,41.8,2.5,1,9,18,6
1313,0,5,41.8,1,0,3,1,4
1314,2,15,41.8,1.9,0,14,0,4
1315,2,5,41.8,1.2,1,2,4,5
1316,2,6,41.8,2.1,0,4,1,3
1317,0,6,41.8,3,1,9,8,4
1318,2,8,41.8,2.8,0,9,8,1
1319,2,9,41.8,3.4,0,14,6,3
1320,2,2,41.8,1.3,1,6,12,6
1321,2,10,41.8,1.5,1,5,3,2
1322,0,5,41.8,2.3,1,20,20,6
1323,0,6,41.8,1.5,0,15,4,6
1324,1,3,41.8,3.2,0,4,9,1
1325,1,4,41.8,3.8,1,20,19,5
1326,1,4,41.8,1.9,1,15,13,1
1327,2,10,41.8,2.8,0,8,12,2
1328,2,10,41.8,1.6,1,11,14,5
1329,0,3,41.8,2.2,0,11,18,6
1330,0,2,41.8,4,0,3,19,4
1331,2,13,41.8,2.1,0,16,9,6
1332,2,15,41.8,2.1,1,17,17,5
1333,0,3,41.8,1.5,1,16,6,1
1334,1,8,41.8,1.5,0,6,14,5
1335,2,6,41.8,3,1,12,5,1
1336,0,5,41.8,3.3,0,11,12,1
1337,1,6,41.8,2.9,1,11,12,2
1338,2,9,41.8,1.8,1,10,3,2
1339,1,6,41.8,0.7,0,19,3,1
1340,0,2,41.8,2,1,3,7,6
1341,2,7,41.8,2.3,1,2,12,2
1342,1,7,41.8,2.8,1,14,5,4
1343,2,2,41.8,1,0,8,18,5
1344,2,7,41.8,3,1,8,2,6
1345,1,4,41.8,2.6,0,19,0,1
1346,0,4,41.8,3.8,0,3,15,3
1347,2,13,41.8,2.8,0,4,17,2
1348,0,4,41.8,3,1,14,19,1
1349,0,4,41.8,2.5,0,16,12,5
1350,1,4,41.8,2.6,1,6,13,5
1351,2,8,41.8,2.3,0,7,17,3
1352,0,3,41.8,2.2,1,1,11,5
1353,2,2,41.8,2,0,12,9,2
1354,1,5,42.5,2.6,1,16,7,4
1355,0,4,42.5,3.4,0,4,11,4
1356,0,4,42.5,0.7,0,16,18,4
1357,1,8,42.5,2.3,0,4,8,4
1358,0,2,42.5,1.1,1,16,6,5
1359,2,10,42.5,3.3,0,8,7,1
1360,0,3,42.5,3.7,0,12,4,5
1361,2,9,42.5,4,0,8,5,6
1362,2,4,42.5,1.9,1,14,0,3
1363,0,4,42.5,2.8,0,11,9,2
1364,0,1,42.5,2.2,1,18,11,2
1365,2,8,42.5,2.2,0,13,12,5
1366,1,2,42.5,1.8,0,7,17,1
1367,1,5,42.5,1.2,0,9,0,3
1368,2,8,42.5,2.5,1,9,20,6
1369,1,7,42.5,3.1,1,16,15,4
1370,2,6,42.5,1.6,0,16,9,6
1371,1,5,42.5,2.3,1,18,9,6
1372,0,4,42.5,3.1,0,18,14,4
1373,1,6,42.5,3.8,0,14,4,3
1374,2,4,42.5,1.7,0,20,2,2
1375,0,3,42.5,4,1,19,1,2
1376,0,3,42.5,1.9,0,13,13,6
1377,2,9,42.5,1.8,1,16,20,2
1378,0,6,42.5,2,1,20,1,4
1379,1,4,42.5,2.6,0,10,19,1
1380,2,13,42.5,2,0,3,19,5
1381,0,6,42.5,2.5,1,13,11,5
1382,0,2,42.5,2.5,1,9,9,5
1383,1,5,42.5,3.7,1,12,16,2
1384,1,6,42.5,2,1,19,14,6
1385,1,7,42.5,0.7,0,0,11,3
1386,2,15,42.5,1.8,1,1,11,1
1387,1,7,42.5,2.8,1,6,20,3
1388,0,5,42.5,2.8,1,3,11,4
1389,0,1,42.5,1,0,13,2,3
1390,1,6,42.5,2.4,0,6,9,2
1391,1,7,42.5,1.1,0,11,9,5
1392,1,5,42.5,3.3,0,19,4,2
1393,0,4,42.5,1.9,0,3,0,5
1394,1,3,42.5,3.3,0,9,10,5
1395,1,6,42.5,1.3,1,12,12,4
1396,1,1,42.5,2.9,1,14,17,1
1397,1,6,42.5,3.8,1,6,10,1
1398,1,8,42.5,1.5,0,5,4,3
1399,1,4,42.5,2.8,1,19,9,2
1400,2,3,42.5,2,0,13,16,5
1401,0,1,42.5,2.3,0,10,5,1
1402,0,6,42.5,2.8,0,2,4,6
1403,2,13,42.5,2.3,0,3,19,6
1404,2,7,42.5,1.8,1,18,19,1
1405,0,4,42.5,2.3,1,6,9,2
1406,2,6,42.5,3.4,1,18,13,6
1407,0,5,42.5,1.1,1,0,15,3
1408,1,8,42.5,1.7,0,1,1,3
1409,0,1,42.5,2.3,1,10,4,5
1410,0,4,42.5,3.2,1,6,15,5
1411,2,8,42.5,1.9,0,20,4,3
1412,1,7,42.5,2.7,0,20,1,2
1413,0,3,42.5,1.8,0,11,7,4
1414,1,8,42.5,1.2,0,2,0,4
1415,0,4,42.5,2.4,1,11,15,2
1416,2,1,42.5,1.2,0,13,12,1
1417,1,1,42.5,2.1,0,16,12,6
1418,1,7,42.5,2.6,0,7,9,5
1419,1,6,42.5,2.1,0,4,3,6
1420,2,5,42.5,2.8,0,16,2,2
1421,0,2,42.5,1.1,0,4,3,1
1422,1,5,42.5,3.1,0,0,9,4
1423,0,6,42.5,2.8,1,8,1,2
1424,0,5,42.5,1.8,0,5,9,3
1425,0,3,42.5,2.3,0,0,14,1
1426,2,3,42.5,1,1,2,15,4
1427,1,8,42.5,1,0,10,20,5
1428,0,5,42.5,3.5,0,11,10,3
1429,2,8,42.5,2,0,19,4,5
1430,0,4,42.5,1.6,1,13,16,4
1431,1,3,42.5,2.7,0,9,15,4
1432,1,4,42.5,1.6,1,16,18,5
1433,2,10,42.5,1.5,1,4,5,2
1434,0,1,42.5,3.3,0,6,17,6
1435,1,8,42.5,2.6,1,8,20,2
1436,1,6,42.5,2.1,1,1,19,4
1437,0,3,42.5,3.5,1,5,2,4
1438,1,4,42.5,1.5,1,7,18,1
1439,0,2,42.5,3.5,0,16,0,2
1440,2,11,42.5,3,1,4,20,3
1441,2,10,42.5,2.4,0,13,16,4
1442,2,8,42.5,2.1,0,6,6,6
1443,1,4,44.4,1.6,0,11,9,5
1444,2,8,44.4,2.3,1,18,4,6
1445,2,6,44.4,0.8,1,2,20,3
1446,2,10,44.4,2,1,11,19,5
1447,2,10,44.4,2.4,1,5,11,2
1448,2,11,44.4,2.1,1,5,19,3
1449,1,2,44.4,3.7,0,16,10,3
1450,0,4,44.4,1,0,6,0,4
1451,2,3,44.4,3.8,0,16,1,1
1452,1,4,44.4,1.7,1,1,5,2
1453,1,7,44.4,2.2,1,3,2,1
1454,0,1,44.4,3.2,1,11,12,4
1455,0,2,44.4,3,1,19,3,2
1456,1,7,44.4,2,0,0,20,2
1457,2,6,44.4,3.7,1,11,17,1
1458,1,4,44.4,1.6,1,19,9,1
1459,0,3,44.4,2.2,1,3,3,5
1460,2,14,44.4,2.2,0,8,16,4
1461,1,3,44.4,4.1,0,11,11,6
1462,0,6,44.4,3.4,1,3,0,2
1463,2,4,44.4,2.1,0,10,11,5
1464,1,1,44.4,1.3,1,4,7,4
1465,0,2,44.4,1.9,1,16,4,4
1466,1,2,44.4,3,1,16,1,6
1467,0,5,44.4,3,1,2,6,3
1468,2,9,44.4,1.9,1,12,5,1
1469,0,5,44.4,3.9,0,16,12,5
1470,1,7,44.4,2,1,1,2,1
1471,0,2,44.4,1.3,1,11,9,2
1472,2,7,44.4,2.8,0,9,0,2
1473,2,7,44.4,3.3,1,13,7,4
1474,0,4,44.4,1.6,0,4,15,5
1475,0,3,44.4,3,1,10,7,1
1476,0,3,44.4,3.7,1,13,17,3
1477,2,7,44.4,1.3,0,15,5,3
1478,2,8,44.4,1.4,1,6,7,3
1479,0,5,44.4,2.3,1,13,13,3
1480,0,1,44.4,2.7,0,20,7,6
1481,0,4,44.4,2.1,1,4,8,1
1482,2,6,44.4,2.2,0,1,8,4
1483,2,7,44.4,2.9,0,5,12,4
1484,1,3,44.4,1.3,0,12,15,2
1485,0,2,44.4,2.4,1,6,8,5
1486,2,7,44.4,2.1,0,18,19,3
1487,0,1,44.4,2.8,0,20,17,6
1488,2,11,44.4,3.8,0,11,16,2
1489,1,9,44.4,3.4,0,19,20,4
1490,0,6,44.4,0.8,1,20,9,3
1491,1,5,44.4,2.7,1,4,20,2
1492,0,2,44.4,2.8,1,8,2,1
1493,1,6,44.4,2.3,0,14,8,5
1494,1,6,44.4,2.3,1,11,16,1
1495,1,4,44.4,1.9,0,2,9,3
1496,0,6,44.4,1.2,1,6,11,2
1497,2,7,44.4,2.9,0,1,20,5
1498,1,5,44.4,0.9,0,16,1,6
1499,0,3,44.4,1.7,1,5,17,2
